,Team,Games Played,Goals Conceded,Clean Sheets,Shots ConcededIn,Shots ConcededOut,Shots ConcededTotal,Shots ConcededOn Target,Shots ConcededHead,Shots ConcededSP,Shots ConcededBC,Crosses ConcededLeft Flank,Crosses ConcededRight Flank,Chances ConcededLeft Flank,Chances ConcededCentre,Chances ConcededRight Flank,Defensive SlipsLost,Defensive SlipsErr,Defensive SlipsErr Goal,Season,GW ID
0,ARS,1,0,1,3,5,8,1,1,2,0,13,7,3,0,0,2,0,0,2011,1
1,AVL,1,0,1,10,5,15,5,3,3,2,13,8,2,7,3,3,0,0,2011,1
2,BLA,1,2,0,11,4,15,4,5,3,2,16,12,4,0,6,5,0,0,2011,1
3,BOL,1,0,1,5,13,17,2,1,4,1,4,9,6,2,4,5,1,0,2011,1
4,CHE,1,0,1,1,5,6,1,1,1,0,13,8,2,2,2,6,0,0,2011,1
5,FUL,1,0,1,5,2,7,1,3,3,0,7,13,2,1,3,2,0,0,2011,1
6,LIV,1,1,0,5,9,14,4,2,0,0,15,5,1,6,3,5,0,0,2011,1
7,MCI,1,0,1,2,6,8,3,0,2,0,9,5,2,3,2,12,0,0,2011,1
8,MUN,1,1,0,9,8,16,3,0,2,0,5,12,2,5,5,4,1,1,2011,1
9,NEW,1,0,1,4,7,11,1,1,2,1,14,8,2,4,2,14,0,0,2011,1
10,NOR,1,1,0,14,6,20,6,6,2,4,11,12,3,6,6,15,0,0,2011,1
11,QPR,1,4,0,9,9,18,5,2,8,2,4,6,6,7,3,9,0,0,2011,1
12,STK,1,0,1,8,11,19,7,3,4,1,15,12,2,4,3,15,0,0,2011,1
13,SUN,1,1,0,9,5,14,3,7,5,1,10,11,6,0,5,4,0,0,2011,1
14,SWA,1,4,0,23,7,30,15,1,7,5,9,9,9,10,7,14,1,1,2011,1
15,WBA,1,2,0,6,5,11,1,3,4,2,9,22,1,3,4,11,0,0,2011,1
16,WIG,1,1,0,8,5,13,2,3,4,2,13,9,6,2,2,2,2,1,2011,1
17,WOL,1,1,0,11,6,17,2,3,9,2,18,12,3,6,4,7,1,0,2011,1
0,ARS,1,2,0,7,7,14,6,2,1,2,16,9,3,7,3,8,1,1,2011,2
1,AVL,1,1,0,5,7,12,2,2,3,1,14,8,3,2,2,10,0,0,2011,2
2,BLA,1,3,0,5,5,10,5,2,1,1,8,9,1,4,3,8,0,0,2011,2
3,BOL,1,3,0,11,7,18,7,2,4,3,13,9,4,4,9,11,2,2,2011,2
4,CHE,1,1,0,4,2,6,4,1,0,2,7,7,2,1,2,4,1,1,2011,2
5,EVE,1,1,0,2,2,4,1,0,0,0,1,4,1,1,2,4,0,0,2011,2
6,FUL,1,2,0,10,10,20,6,1,3,3,8,15,6,3,5,8,3,1,2011,2
7,LIV,1,0,1,5,8,12,3,2,5,1,14,10,3,2,3,8,0,0,2011,2
8,MCI,1,2,0,5,2,7,3,2,4,0,12,13,1,0,3,4,0,0,2011,2
9,MUN,1,0,1,7,14,21,9,1,5,0,6,5,3,5,6,13,0,0,2011,2
10,NEW,1,0,1,7,8,15,3,3,2,0,24,6,7,2,3,8,1,0,2011,2
11,NOR,1,1,0,10,8,18,5,1,2,2,11,13,7,5,2,6,0,0,2011,2
12,QPR,1,0,1,6,8,14,4,3,2,1,15,11,3,4,3,2,0,0,2011,2
13,STK,1,1,0,2,8,10,3,1,3,0,16,9,2,1,3,2,1,0,2011,2
14,SUN,1,1,0,8,5,13,5,4,8,3,8,7,1,1,7,4,1,0,2011,2
15,SWA,1,0,1,6,4,10,3,1,2,1,3,10,0,5,4,5,0,0,2011,2
16,TOT,1,3,0,15,13,28,14,4,9,4,15,18,5,12,4,8,0,0,2011,2
17,WBA,1,2,0,16,8,24,8,5,5,2,19,21,9,6,4,16,0,0,2011,2
18,WIG,1,0,1,6,7,13,4,2,2,0,22,5,2,2,3,9,0,0,2011,2
19,WOL,1,0,1,8,4,12,4,2,4,2,11,10,1,5,5,3,0,0,2011,2
0,ARS,1,8,0,15,10,25,14,3,4,5,13,5,6,10,5,9,1,1,2011,3
1,AVL,1,0,1,4,3,7,2,4,1,0,12,11,3,1,2,6,0,0,2011,3
2,BLA,1,1,0,8,3,11,3,1,1,2,9,11,2,4,2,6,0,0,2011,3
3,BOL,1,3,0,12,8,20,6,3,5,3,10,19,2,6,8,9,0,0,2011,3
4,CHE,1,1,0,6,5,11,6,2,2,2,8,9,3,3,2,1,1,1,2011,3
5,EVE,1,0,1,14,7,21,7,3,5,2,9,14,6,3,4,10,1,0,2011,3
6,FUL,1,2,0,7,5,12,6,2,5,1,9,7,4,1,3,8,1,1,2011,3
7,LIV,1,1,0,6,4,10,3,2,3,1,8,12,2,0,5,9,1,1,2011,3
8,MCI,1,1,0,8,13,21,5,4,4,2,13,10,4,5,9,10,0,0,2011,3
9,MUN,1,2,0,9,11,20,8,2,2,4,8,5,5,10,2,5,0,0,2011,3
10,NEW,1,1,0,10,8,18,5,6,7,1,13,9,4,7,5,11,0,0,2011,3
11,NOR,1,3,0,9,9,18,7,5,5,3,17,20,6,2,4,7,1,1,2011,3
12,QPR,1,2,0,5,7,12,5,0,2,0,11,8,1,3,1,11,1,0,2011,3
13,STK,1,0,1,9,7,16,4,3,5,1,11,12,2,1,7,9,0,0,2011,3
14,SUN,1,0,1,12,6,18,3,7,4,3,9,13,5,1,9,6,0,0,2011,3
15,SWA,1,0,1,8,4,12,2,2,2,2,15,8,4,3,4,6,0,0,2011,3
16,TOT,1,5,0,11,11,22,9,2,1,4,9,8,6,8,7,7,0,0,2011,3
17,WBA,1,1,0,2,3,5,1,1,1,0,8,8,1,2,1,4,0,0,2011,3
18,WIG,1,0,1,6,13,19,4,4,9,0,9,10,3,5,5,5,1,0,2011,3
19,WOL,1,0,1,11,7,18,3,6,9,0,15,14,8,0,6,4,0,0,2011,3
0,ARS,1,0,1,7,5,12,2,2,6,2,14,5,3,3,3,10,1,0,2011,4
1,AVL,1,2,0,12,9,21,7,6,6,8,17,11,11,2,4,12,1,0,2011,4
2,BLA,1,1,0,7,7,14,3,2,6,0,30,15,4,3,3,12,0,0,2011,4
3,BOL,1,5,0,9,5,14,7,1,4,5,10,8,4,3,2,9,0,0,2011,4
4,CHE,1,1,0,6,7,13,3,3,5,1,12,12,2,3,4,5,1,0,2011,4
5,EVE,1,2,0,3,6,9,3,1,4,1,3,5,1,4,3,5,0,0,2011,4
6,FUL,1,1,0,4,7,11,3,0,3,0,6,6,1,4,3,6,0,0,2011,4
7,LIV,1,1,0,2,1,3,1,1,1,1,8,4,2,0,0,1,0,0,2011,4
8,MCI,1,0,1,7,4,11,3,2,1,2,10,3,3,2,3,6,0,0,2011,4
9,MUN,1,0,1,12,10,22,5,4,1,0,13,15,4,5,8,6,0,0,2011,4
10,NEW,1,0,1,12,4,16,2,4,3,4,20,7,8,3,3,6,0,0,2011,4
11,NOR,1,1,0,5,10,15,6,3,3,3,10,3,2,4,5,9,1,1,2011,4
12,QPR,1,0,1,6,2,8,1,3,4,0,9,12,1,2,2,4,0,0,2011,4
13,STK,1,0,1,13,11,24,6,2,5,3,16,18,6,5,6,14,1,0,2011,4
14,SUN,1,2,0,7,12,19,5,0,4,0,7,10,3,9,3,3,1,0,2011,4
15,SWA,1,1,0,8,11,19,3,1,2,2,11,11,4,7,5,7,1,1,2011,4
16,TOT,1,0,1,6,4,10,5,5,3,1,6,12,1,2,3,4,1,0,2011,4
17,WBA,1,0,1,8,10,18,3,2,3,2,12,22,4,5,5,8,0,0,2011,4
18,WIG,1,3,0,18,8,26,7,3,7,5,9,5,5,8,6,16,0,0,2011,4
19,WOL,1,2,0,10,6,16,4,2,3,1,13,10,5,5,3,3,0,0,2011,4
0,ARS,1,4,0,5,3,8,4,2,3,4,4,8,2,4,2,12,0,0,2011,5
1,AVL,1,1,0,12,10,22,6,1,8,3,13,18,6,6,2,14,0,0,2011,5
2,BLA,1,3,0,18,7,23,8,7,7,4,22,20,6,6,10,14,0,0,2011,5
3,BOL,1,2,0,9,5,14,6,5,7,2,20,6,6,3,1,3,0,0,2011,5
4,CHE,1,3,0,9,5,14,5,4,4,5,5,13,1,4,5,11,1,1,2011,5
5,EVE,1,1,0,4,6,10,1,0,3,1,4,10,1,1,3,10,0,0,2011,5
6,FUL,1,2,0,8,11,18,5,2,3,1,14,10,5,4,6,5,0,0,2011,5
7,LIV,1,4,0,14,12,26,9,1,5,5,10,9,3,10,4,6,2,2,2011,5
8,MCI,1,2,0,4,10,14,5,1,4,2,8,10,3,7,2,2,1,0,2011,5
9,MUN,1,1,0,14,8,22,7,4,5,5,12,14,3,5,8,8,1,0,2011,5
10,NEW,1,1,0,8,3,11,1,0,1,2,11,7,1,2,3,8,1,0,2011,5
11,NOR,1,1,0,5,4,9,4,2,4,1,10,8,3,1,0,9,0,0,2011,5
12,QPR,1,0,1,8,7,15,2,6,5,1,14,12,6,1,3,3,0,0,2011,5
13,STK,1,4,0,4,5,9,6,0,3,0,14,6,2,1,4,5,1,0,2011,5
14,SUN,1,0,1,7,4,10,2,4,6,0,18,6,3,1,2,4,0,0,2011,5
15,SWA,1,0,1,5,10,15,5,4,4,1,12,11,4,4,4,5,0,0,2011,5
16,TOT,1,0,1,0,3,3,1,0,1,0,5,4,1,0,1,4,0,0,2011,5
17,WBA,1,3,0,7,3,10,4,2,4,4,7,5,4,2,1,6,1,0,2011,5
18,WIG,1,3,0,12,7,19,5,7,5,2,16,13,6,5,5,4,0,0,2011,5
19,WOL,1,3,0,9,11,20,10,3,9,2,13,4,4,3,7,3,0,0,2011,5
0,ARS,1,0,1,1,2,3,2,0,1,0,6,6,0,1,2,4,0,0,2011,6
1,AVL,1,1,0,9,10,19,2,4,11,0,14,14,6,3,2,5,0,0,2011,6
2,BLA,1,3,0,9,12,21,4,4,6,2,17,11,5,6,7,8,1,1,2011,6
3,BOL,1,3,0,15,13,28,11,1,5,3,11,9,7,8,6,10,0,0,2011,6
4,CHE,1,1,0,6,1,7,1,4,6,2,14,7,6,0,1,1,0,0,2011,6
5,EVE,1,2,0,7,12,19,7,0,4,1,19,7,3,5,3,7,1,1,2011,6
6,FUL,1,0,1,5,4,9,3,1,0,1,14,9,1,4,1,8,1,0,2011,6
7,LIV,1,1,0,7,11,17,2,3,7,1,6,19,3,2,5,4,1,0,2011,6
8,MCI,1,0,1,3,5,8,2,1,1,0,9,11,2,2,2,6,0,0,2011,6
9,MUN,1,1,0,8,5,13,5,3,5,4,26,9,5,2,2,1,1,0,2011,6
10,NEW,1,1,0,2,1,3,1,0,1,0,4,7,2,0,1,4,0,0,2011,6
11,NOR,1,1,0,5,9,14,5,0,1,2,15,4,5,3,3,3,1,0,2011,6
12,QPR,1,1,0,7,5,11,2,0,2,1,11,15,3,1,3,6,0,0,2011,6
13,STK,1,1,0,10,4,14,4,3,2,2,9,10,6,5,2,16,1,0,2011,6
14,SUN,1,2,0,4,8,12,4,2,3,0,10,11,1,1,6,3,1,0,2011,6
15,SWA,1,4,0,9,6,15,7,1,2,1,11,6,2,5,4,10,0,0,2011,6
16,TOT,1,1,0,1,4,5,3,0,1,0,2,8,3,2,0,10,0,0,2011,6
17,WBA,1,0,1,8,10,18,5,2,2,1,4,8,3,11,1,6,0,0,2011,6
18,WIG,1,2,0,13,3,16,6,6,6,2,15,5,7,2,6,10,2,2,2011,6
19,WOL,1,2,0,11,5,16,5,3,2,4,12,15,1,3,9,7,0,0,2011,6
0,ARS,1,2,0,12,6,18,6,3,6,4,13,11,4,5,6,11,2,1,2011,7
1,AVL,1,0,1,7,8,15,4,1,3,0,8,17,5,1,8,12,0,0,2011,7
2,BLA,1,4,0,14,5,19,7,1,5,1,8,14,5,6,7,2,1,0,2011,7
3,BOL,1,5,0,14,5,19,9,1,3,4,8,8,10,5,2,3,2,2,2011,7
4,CHE,1,1,0,7,8,15,3,2,6,1,5,7,4,4,3,8,1,0,2011,7
5,EVE,1,2,0,9,7,16,6,4,7,4,17,15,4,2,5,2,2,1,2011,7
6,FUL,1,0,1,4,13,17,5,2,2,0,20,4,4,4,5,2,1,0,2011,7
7,LIV,1,0,1,3,9,12,3,1,4,0,10,9,2,3,2,8,0,0,2011,7
8,MCI,1,0,1,2,4,6,4,0,1,0,9,5,2,2,1,4,0,0,2011,7
9,MUN,1,0,1,8,9,17,3,2,4,1,7,5,4,6,4,3,1,0,2011,7
10,NEW,1,1,0,20,8,28,7,4,6,1,21,24,6,9,5,6,0,0,2011,7
11,NOR,1,2,0,10,10,20,4,3,6,2,17,18,4,6,5,7,0,0,2011,7
12,QPR,1,6,0,13,9,22,9,0,1,5,5,6,3,9,3,4,0,0,2011,7
13,STK,1,2,0,3,8,11,3,2,5,2,11,3,2,2,1,8,1,1,2011,7
14,SUN,1,2,0,3,6,9,3,2,5,1,15,7,1,4,1,4,1,1,2011,7
15,SWA,1,0,1,4,7,11,2,2,6,0,19,8,4,1,1,8,0,0,2011,7
16,TOT,1,1,0,7,6,13,5,2,2,2,14,10,1,4,6,4,0,0,2011,7
17,WBA,1,2,0,8,6,14,7,3,3,1,13,16,2,5,4,5,0,0,2011,7
18,WIG,1,2,0,7,9,16,6,1,2,3,7,11,1,7,5,4,0,0,2011,7
19,WOL,1,2,0,11,2,13,5,1,1,2,9,5,4,6,2,5,0,0,2011,7
0,ARS,1,1,0,4,4,8,2,3,3,1,9,3,0,4,2,3,1,0,2011,8
1,AVL,1,4,0,8,6,14,8,1,2,2,7,4,4,3,4,6,2,2,2011,8
2,BLA,1,1,0,6,7,13,3,3,5,0,17,9,1,4,5,7,0,0,2011,8
3,BOL,1,1,0,8,9,16,2,3,5,0,9,5,2,2,4,12,0,0,2011,8
4,CHE,1,1,0,4,5,9,2,1,1,1,3,7,2,1,5,2,0,0,2011,8
5,EVE,1,3,0,3,4,7,5,2,2,3,14,8,1,2,3,4,0,0,2011,8
6,FUL,1,2,0,9,8,17,3,3,7,5,16,11,3,2,4,5,0,0,2011,8
7,LIV,1,1,0,6,5,11,2,4,3,1,6,5,2,3,2,5,0,0,2011,8
8,MCI,1,1,0,7,3,10,3,2,2,2,9,3,0,3,3,1,1,0,2011,8
9,MUN,1,1,0,7,8,15,5,2,3,4,12,21,4,1,5,5,1,1,2011,8
10,NEW,1,2,0,8,5,13,6,2,1,1,3,7,3,5,2,8,0,0,2011,8
11,NOR,1,1,0,4,8,12,3,2,1,0,7,5,4,2,1,12,0,0,2011,8
12,QPR,1,1,0,8,4,12,5,4,6,0,5,10,1,1,8,7,0,0,2011,8
13,STK,1,0,1,2,5,7,1,1,0,0,5,4,2,4,0,2,0,0,2011,8
14,SUN,1,2,0,13,8,21,5,3,9,0,15,10,2,9,5,13,1,0,2011,8
15,SWA,1,3,0,9,9,18,6,3,4,3,13,9,4,7,6,6,0,0,2011,8
16,TOT,1,2,0,7,7,14,6,2,5,2,14,14,1,4,6,8,0,0,2011,8
17,WBA,1,0,1,16,3,19,7,5,7,2,16,25,5,2,7,1,0,0,2011,8
18,WIG,1,3,0,9,7,16,9,1,4,4,7,7,6,5,1,11,2,2,2011,8
19,WOL,1,2,0,9,9,18,7,1,0,1,2,3,1,7,7,6,0,0,2011,8
0,ARS,1,1,0,4,3,7,1,1,4,2,4,5,0,3,2,1,0,0,2011,9
1,AVL,1,2,0,6,7,13,4,2,6,3,15,12,6,1,2,4,0,0,2011,9
2,BLA,1,2,0,5,4,9,6,0,1,2,8,9,0,3,6,8,0,0,2011,9
3,BOL,1,2,0,12,7,19,4,2,8,0,14,16,6,5,2,7,0,0,2011,9
4,CHE,1,1,0,5,5,10,2,0,3,2,7,7,2,3,2,7,0,0,2011,9
5,EVE,1,1,0,9,6,15,4,2,3,1,14,17,3,9,2,8,0,0,2011,9
6,FUL,1,3,0,5,7,12,5,2,5,3,12,11,3,5,1,6,0,0,2011,9
7,LIV,1,1,0,5,7,12,7,3,1,2,7,10,2,2,6,2,1,1,2011,9
8,MCI,1,1,0,5,6,11,4,1,4,0,14,16,4,2,1,9,0,0,2011,9
9,MUN,1,6,0,13,9,22,7,1,4,7,11,5,9,9,1,10,0,0,2011,9
10,NEW,1,0,1,6,8,14,2,3,2,0,16,8,4,6,1,7,0,0,2011,9
11,NOR,1,1,0,21,8,29,9,7,7,2,19,18,11,4,5,15,0,0,2011,9
12,QPR,1,0,1,8,6,14,2,3,3,1,16,5,9,2,3,7,0,0,2011,9
13,STK,1,3,0,6,3,9,4,1,4,4,17,7,2,2,4,8,2,1,2011,9
14,SUN,1,0,1,5,9,14,6,2,4,0,10,3,4,2,6,3,0,0,2011,9
15,SWA,1,2,0,12,10,22,9,4,9,3,18,23,1,3,7,4,0,0,2011,9
16,TOT,1,1,0,17,2,19,4,7,9,1,14,11,6,5,5,12,2,0,2011,9
17,WBA,1,1,0,4,4,8,1,1,2,2,8,8,0,3,2,6,1,1,2011,9
18,WIG,1,1,0,7,5,12,4,3,4,1,16,15,3,0,5,9,0,0,2011,9
19,WOL,1,2,0,7,10,17,9,1,2,5,17,8,8,4,5,6,1,1,2011,9
0,ARS,1,3,0,7,7,14,6,3,5,2,8,7,3,3,4,7,3,1,2011,10
1,AVL,1,2,0,10,6,16,4,6,7,1,22,9,7,2,3,6,0,0,2011,10
2,BLA,1,3,0,9,5,14,6,3,2,3,16,21,3,5,4,7,0,0,2011,10
3,BOL,1,3,0,13,11,23,7,1,4,6,11,7,10,7,4,8,0,0,2011,10
4,CHE,1,5,0,12,1,13,7,1,3,4,4,5,6,3,1,14,2,2,2011,10
5,EVE,1,1,0,3,4,7,4,0,0,2,4,5,2,2,3,8,0,0,2011,10
6,FUL,1,0,1,9,11,20,6,4,8,1,21,16,8,2,5,9,0,0,2011,10
7,LIV,1,0,1,3,9,12,1,2,4,0,6,13,3,2,4,2,0,0,2011,10
8,MCI,1,1,0,5,8,13,4,2,2,1,5,10,0,6,4,3,0,0,2011,10
9,MUN,1,0,1,7,12,19,8,1,5,0,22,5,4,6,3,5,0,0,2011,10
10,NEW,1,1,0,11,1,12,3,6,7,1,18,10,6,1,1,6,0,0,2011,10
11,NOR,1,3,0,5,6,11,3,1,3,2,7,11,2,5,2,12,1,1,2011,10
12,QPR,1,3,0,18,7,25,10,3,9,6,6,6,3,5,10,5,1,0,2011,10
13,STK,1,3,0,5,3,8,3,1,2,3,6,4,2,1,0,1,0,0,2011,10
14,SUN,1,2,0,9,5,14,3,4,7,1,10,14,6,3,3,10,0,0,2011,10
15,SWA,1,1,0,5,3,8,3,2,3,0,6,4,2,2,0,6,1,0,2011,10
16,TOT,1,1,0,6,8,14,2,2,3,1,13,8,5,4,2,4,0,0,2011,10
17,WBA,1,2,0,15,3,18,4,4,6,2,11,16,4,3,9,3,0,0,2011,10
18,WIG,1,2,0,4,2,6,3,0,0,1,5,3,1,4,1,6,0,0,2011,10
19,WOL,1,3,0,8,11,19,7,1,2,3,10,10,3,6,4,6,1,1,2011,10
0,ARS,1,0,1,5,5,10,2,2,4,0,6,4,1,4,3,8,0,0,2011,11
1,AVL,1,2,0,7,4,11,7,2,4,1,15,20,1,3,5,6,0,0,2011,11
2,BLA,1,1,0,5,7,12,5,2,2,2,14,15,4,3,5,6,0,0,2011,11
3,BOL,1,0,1,9,2,11,2,6,4,1,12,5,4,1,4,3,0,0,2011,11
4,CHE,1,0,1,4,8,12,5,0,4,3,8,9,1,3,1,2,0,0,2011,11
5,EVE,1,2,0,4,8,12,3,1,4,0,13,14,4,3,0,1,0,0,2011,11
6,FUL,1,3,0,3,7,9,4,0,4,0,3,3,2,2,1,6,1,1,2011,11
7,LIV,1,0,1,4,8,12,3,0,1,2,11,6,1,4,3,8,1,0,2011,11
8,MCI,1,2,0,12,10,22,5,6,5,4,9,17,3,9,5,6,1,0,2011,11
9,MUN,1,0,1,3,7,9,1,3,1,0,12,5,3,4,0,3,0,0,2011,11
10,NEW,1,1,0,9,7,15,4,3,2,2,13,8,5,4,2,6,0,0,2011,11
11,NOR,1,3,0,12,4,16,5,2,5,4,9,14,5,2,8,9,1,1,2011,11
12,QPR,1,3,0,12,6,18,5,1,2,0,2,7,4,3,8,6,0,0,2011,11
13,STK,1,5,0,9,13,22,9,3,10,2,14,8,4,8,3,8,1,1,2011,11
14,SUN,1,1,0,8,5,13,5,1,8,1,13,13,3,2,4,8,0,0,2011,11
15,SWA,1,0,1,15,10,25,5,6,9,1,15,21,4,5,6,11,0,0,2011,11
16,TOT,1,1,0,17,15,31,11,6,10,3,29,12,4,11,4,4,0,0,2011,11
17,WBA,1,3,0,9,3,12,5,1,2,3,24,7,5,3,2,2,0,0,2011,11
18,WIG,1,3,0,9,4,13,10,3,2,7,9,10,4,1,3,6,0,0,2011,11
19,WOL,1,1,0,8,9,17,7,1,2,5,23,12,2,5,5,10,0,0,2011,11
0,ARS,1,1,0,3,6,9,2,0,2,2,8,7,2,2,2,3,1,1,2011,12
1,AVL,1,2,0,9,13,22,6,1,7,4,11,16,6,5,4,12,1,1,2011,12
2,BLA,1,3,0,12,14,26,6,5,5,1,15,14,7,4,11,6,1,1,2011,12
3,BOL,1,2,0,12,4,16,6,5,3,1,10,18,1,4,9,6,0,0,2011,12
4,CHE,1,2,0,4,5,9,3,0,2,2,8,5,1,4,2,13,1,1,2011,12
5,EVE,1,1,0,1,4,5,1,0,1,1,2,9,0,1,0,1,0,0,2011,12
6,FUL,1,0,1,8,5,13,3,4,5,0,24,14,2,1,7,6,0,0,2011,12
7,LIV,1,1,0,12,7,19,3,4,5,1,9,18,6,3,6,8,0,0,2011,12
8,MCI,1,1,0,8,1,9,4,2,3,3,14,2,3,1,1,7,1,0,2011,12
9,MUN,1,0,1,5,5,10,1,1,1,0,17,11,2,2,3,12,0,0,2011,12
10,NEW,1,3,0,9,5,14,5,2,1,2,11,7,4,2,1,10,1,1,2011,12
11,NOR,1,2,0,18,2,20,9,2,1,6,8,8,6,6,5,10,2,1,2011,12
12,QPR,1,2,0,15,4,19,4,7,10,4,12,19,2,3,7,1,1,0,2011,12
13,STK,1,3,0,5,3,8,5,2,2,1,7,8,2,1,4,5,0,0,2011,12
14,SUN,1,0,1,8,7,15,3,3,5,2,11,6,3,8,2,4,0,0,2011,12
15,SWA,1,1,0,4,9,13,5,0,2,1,8,7,3,4,2,3,1,1,2011,12
16,TOT,1,0,1,3,0,3,1,2,3,0,8,5,2,0,1,5,0,0,2011,12
17,WBA,1,1,0,7,3,10,3,2,5,1,6,6,2,4,2,11,1,0,2011,12
18,WIG,1,3,0,4,5,9,3,1,5,3,2,4,0,4,0,4,2,2,2011,12
19,WOL,1,2,0,9,6,15,4,1,4,3,19,22,4,3,5,6,0,0,2011,12
0,ARS,1,1,0,5,5,10,2,2,3,0,2,9,5,1,3,7,0,0,2011,13
1,AVL,1,0,1,4,3,7,1,0,1,0,9,9,2,2,3,9,0,0,2011,13
2,BLA,1,3,0,8,1,9,3,4,5,1,8,13,4,2,3,2,0,0,2011,13
3,BOL,1,2,0,12,7,19,9,3,3,3,11,13,6,3,7,3,0,0,2011,13
4,CHE,1,0,1,5,3,8,2,4,1,0,6,10,0,2,4,1,0,0,2011,13
5,EVE,1,0,1,2,6,8,3,0,2,0,5,9,2,4,0,0,0,0,2011,13
6,FUL,1,1,0,15,6,20,8,4,3,1,19,15,5,5,7,14,0,0,2011,13
7,LIV,1,1,0,4,4,7,2,0,2,1,5,8,1,1,4,7,0,0,2011,13
8,MCI,1,1,0,13,4,17,6,4,4,1,19,16,6,1,5,9,0,0,2011,13
9,MUN,1,1,0,3,5,8,5,0,2,1,10,7,2,1,1,2,0,0,2011,13
10,NEW,1,1,0,23,5,28,6,6,14,1,13,21,6,6,9,16,0,0,2011,13
11,NOR,1,1,0,9,4,13,3,4,2,1,19,9,6,2,2,6,0,0,2011,13
12,QPR,1,2,0,9,8,17,4,4,9,1,7,8,4,4,3,5,1,1,2011,13
13,STK,1,1,0,4,12,16,5,1,6,0,3,10,1,4,3,10,0,0,2011,13
14,SUN,1,2,0,6,6,12,4,0,1,2,7,7,1,3,3,12,1,1,2011,13
15,SWA,1,0,1,7,5,12,2,4,4,0,12,12,2,6,2,11,1,0,2011,13
16,TOT,1,1,0,7,4,11,5,3,0,0,9,14,4,3,4,5,0,0,2011,13
17,WBA,1,3,0,16,10,26,11,4,7,4,9,14,3,5,10,9,0,0,2011,13
18,WIG,1,1,0,11,8,19,9,3,5,4,12,20,4,3,6,8,1,1,2011,13
19,WOL,1,3,0,9,12,21,10,1,5,2,17,11,4,4,6,9,0,0,2011,13
0,ARS,1,0,1,2,5,7,2,0,0,1,11,7,2,2,1,9,1,0,2011,14
1,AVL,1,1,0,7,7,14,4,1,4,0,13,9,4,4,5,8,1,0,2011,14
2,BLA,1,2,0,7,3,10,3,1,1,3,14,7,4,1,4,14,1,1,2011,14
3,BOL,1,3,0,19,8,27,12,1,7,4,9,13,11,9,4,7,2,0,2011,14
4,CHE,1,0,1,8,8,16,2,1,2,0,8,19,4,4,2,12,1,0,2011,14
5,EVE,1,1,0,3,3,6,2,2,5,1,7,10,2,1,1,4,0,0,2011,14
6,FUL,1,0,1,9,11,20,6,2,4,1,16,12,8,4,4,7,0,0,2011,14
7,LIV,1,1,0,7,12,19,8,0,3,2,5,5,2,11,3,9,1,1,2011,14
8,MCI,1,1,0,4,2,6,2,1,2,0,7,9,1,1,2,2,0,0,2011,14
9,MUN,1,0,1,7,2,9,2,6,5,0,12,11,4,3,1,3,0,0,2011,14
10,NEW,1,3,0,15,7,22,9,1,3,4,10,5,3,9,5,8,0,0,2011,14
11,NOR,1,5,0,18,8,26,10,0,5,6,13,10,7,7,5,6,2,2,2011,14
12,QPR,1,1,0,5,11,16,5,2,5,1,7,9,3,3,3,8,0,0,2011,14
13,STK,1,0,1,8,6,14,0,4,5,1,11,32,2,3,4,5,0,0,2011,14
14,SUN,1,2,0,9,8,17,5,4,6,4,19,21,2,3,5,9,0,0,2011,14
15,SWA,1,4,0,9,6,15,5,3,8,4,3,5,2,3,2,8,0,0,2011,14
16,TOT,1,0,1,6,10,16,4,5,7,0,7,5,8,4,3,6,1,0,2011,14
17,WBA,1,1,0,3,8,11,2,3,0,1,16,10,3,1,4,8,0,0,2011,14
18,WIG,1,4,0,12,4,16,7,3,4,2,11,5,5,5,3,10,1,1,2011,14
19,WOL,1,1,0,12,8,20,8,3,3,2,15,2,8,4,2,5,0,0,2011,14
0,ARS,1,0,1,7,3,10,0,1,3,0,7,17,1,0,5,3,0,0,2011,15
1,AVL,1,1,0,10,7,17,7,2,7,1,4,14,3,2,2,6,0,0,2011,15
2,BLA,1,2,0,6,17,23,5,0,4,1,27,30,2,4,5,10,1,0,2011,15
3,BOL,1,2,0,11,4,15,5,3,4,5,16,9,7,2,4,7,0,0,2011,15
4,CHE,1,1,0,3,4,7,2,0,1,1,6,5,0,4,1,9,0,0,2011,15
5,EVE,1,1,0,11,3,14,3,3,4,0,15,9,6,4,3,8,1,0,2011,15
6,FUL,1,2,0,9,8,17,5,2,8,0,16,5,6,2,3,5,1,1,2011,15
7,LIV,1,0,1,3,4,7,1,2,2,0,6,8,1,2,3,6,0,0,2011,15
8,MCI,1,2,0,5,11,16,4,0,3,2,12,10,4,8,2,18,0,0,2011,15
9,MUN,1,1,0,5,6,11,5,2,1,0,4,24,2,2,5,10,0,0,2011,15
10,NEW,1,4,0,8,6,14,5,5,7,0,11,18,3,1,5,2,1,1,2011,15
11,NOR,1,2,0,3,10,13,6,0,0,1,13,5,3,4,3,6,0,0,2011,15
12,QPR,1,1,0,17,8,25,8,2,9,5,19,11,11,6,4,8,0,0,2011,15
13,STK,1,1,0,8,11,19,8,2,5,1,12,20,2,6,8,10,1,0,2011,15
14,SUN,1,1,0,2,1,3,2,1,2,1,4,1,0,0,1,6,0,0,2011,15
15,SWA,1,0,1,7,6,13,7,2,3,2,11,4,1,6,1,4,0,0,2011,15
16,TOT,1,2,0,10,3,13,6,4,7,1,20,6,3,3,2,7,1,0,2011,15
17,WBA,1,2,0,2,8,10,4,0,1,0,3,3,1,1,2,5,0,0,2011,15
18,WIG,1,1,0,17,6,23,3,8,9,1,21,20,6,5,8,3,0,0,2011,15
19,WOL,1,4,0,8,12,20,13,2,2,1,15,9,6,5,8,3,0,0,2011,15
0,ARS,1,1,0,11,4,15,6,1,1,5,10,9,1,0,7,10,3,0,2011,16
1,AVL,1,2,0,12,5,17,7,2,4,2,9,10,3,3,5,8,1,0,2011,16
2,BLA,1,2,0,8,6,14,4,2,3,1,14,17,5,4,4,6,0,0,2011,16
3,BOL,1,2,0,16,7,23,4,3,6,4,10,8,8,7,4,8,1,0,2011,16
4,CHE,1,1,0,9,5,14,5,2,2,1,8,8,3,3,2,12,1,1,2011,16
5,EVE,1,1,0,4,3,7,1,3,2,0,8,8,2,1,3,0,0,0,2011,16
6,FUL,1,0,1,6,10,16,6,3,4,1,14,2,3,3,6,10,1,0,2011,16
7,LIV,1,0,1,3,13,16,4,2,4,2,12,5,6,5,3,7,0,0,2011,16
8,MCI,1,0,1,6,8,14,6,3,6,0,14,5,4,3,4,10,0,0,2011,16
9,MUN,1,0,1,7,4,11,2,1,2,1,20,12,4,3,0,8,0,0,2011,16
10,NEW,1,0,1,1,2,3,0,0,0,0,5,4,1,2,0,5,0,0,2011,16
11,NOR,1,1,0,13,16,29,7,5,7,3,21,20,4,10,8,9,0,0,2011,16
12,QPR,1,2,0,18,4,22,7,6,8,3,14,7,7,8,5,6,0,0,2011,16
13,STK,1,1,0,6,6,11,3,2,3,1,8,24,2,2,3,4,1,0,2011,16
14,SUN,1,1,0,10,9,19,4,1,3,3,10,15,4,5,6,6,0,0,2011,16
15,SWA,1,0,1,13,9,22,3,4,10,0,18,23,4,4,6,6,0,0,2011,16
16,TOT,1,0,1,2,6,8,4,0,1,0,10,7,0,4,2,3,0,0,2011,16
17,WBA,1,1,0,8,8,16,6,2,4,1,6,10,1,9,3,6,0,0,2011,16
18,WIG,1,1,0,6,6,12,2,1,1,0,10,9,2,3,4,12,0,0,2011,16
19,WOL,1,2,0,5,5,10,4,4,4,2,19,14,3,0,5,3,1,1,2011,16
0,ARS,1,1,0,3,6,9,3,1,6,2,17,14,3,1,2,6,2,2,2011,17
1,AVL,1,2,0,5,6,11,5,2,3,2,14,7,1,7,2,12,0,0,2011,17
2,BLA,1,2,0,6,2,8,2,0,2,1,13,14,3,3,2,6,0,0,2011,17
3,BOL,1,1,0,8,10,18,2,2,4,2,9,15,2,3,4,5,0,0,2011,17
4,CHE,1,1,0,12,4,16,3,2,5,3,14,13,6,2,6,15,0,0,2011,17
5,EVE,1,0,1,2,3,5,1,1,1,0,7,4,2,2,0,6,0,0,2011,17
6,FUL,1,5,0,11,7,18,8,1,2,3,14,6,4,6,7,3,0,0,2011,17
7,LIV,1,0,1,7,12,19,6,3,4,0,10,9,1,9,5,6,0,0,2011,17
8,MCI,1,0,1,3,0,3,0,2,2,0,9,2,2,0,1,7,0,0,2011,17
9,MUN,1,0,1,6,9,15,5,1,2,1,10,2,3,9,1,5,1,0,2011,17
10,NEW,1,3,0,9,6,15,5,2,3,3,4,8,5,7,2,5,0,0,2011,17
11,NOR,1,2,0,14,7,21,6,6,6,3,6,22,3,3,9,5,0,0,2011,17
12,QPR,1,3,0,9,10,19,6,5,10,2,17,8,7,4,2,10,1,1,2011,17
13,STK,1,3,0,11,11,22,11,0,2,5,2,10,2,5,9,7,1,1,2011,17
14,SUN,1,2,0,11,10,21,5,7,5,3,22,9,5,5,2,5,1,1,2011,17
15,SWA,1,1,0,10,5,15,4,3,9,2,10,18,5,2,3,6,0,0,2011,17
16,TOT,1,1,0,10,12,22,7,4,6,5,7,12,7,2,5,2,0,0,2011,17
17,WBA,1,2,0,11,15,26,5,6,5,1,19,14,6,5,8,10,0,0,2011,17
18,WIG,1,0,1,10,11,21,9,3,8,2,12,17,3,4,5,11,0,0,2011,17
19,WOL,1,2,0,11,8,19,9,3,1,1,8,12,5,5,5,1,0,0,2011,17
0,ARS,1,1,0,3,3,6,1,1,2,1,1,6,0,2,1,2,0,0,2011,18
1,AVL,1,0,1,9,1,10,0,6,9,0,18,5,4,2,3,3,0,0,2011,18
2,BLA,1,1,0,17,11,27,6,8,9,5,34,20,8,5,6,8,1,0,2011,18
3,BOL,1,2,0,7,4,11,5,2,4,0,6,6,3,1,4,7,0,0,2011,18
4,CHE,1,1,0,6,3,9,5,3,2,2,3,6,2,2,3,14,0,0,2011,18
5,EVE,1,1,0,6,6,12,2,2,3,0,11,8,5,3,2,3,0,0,2011,18
6,FUL,1,1,0,15,10,25,12,5,6,1,21,14,6,10,6,11,1,0,2011,18
7,LIV,1,1,0,4,2,6,1,1,1,0,3,4,1,2,2,7,0,0,2011,18
8,MCI,1,0,1,2,6,8,1,1,5,1,6,10,3,3,0,4,0,0,2011,18
9,MUN,1,0,1,4,5,9,2,0,2,0,8,1,0,4,1,12,0,0,2011,18
10,NEW,1,0,1,2,2,4,1,0,2,0,8,11,0,2,0,5,0,0,2011,18
11,NOR,1,2,0,11,9,20,6,0,3,2,18,13,5,10,3,4,1,0,2011,18
12,QPR,1,1,0,5,3,8,2,2,4,0,11,11,4,0,3,6,0,0,2011,18
13,STK,1,0,1,5,5,10,2,1,5,1,8,8,2,2,3,5,0,0,2011,18
14,SUN,1,1,0,8,3,11,2,3,5,1,4,17,4,0,4,1,0,0,2011,18
15,SWA,1,1,0,8,6,14,4,5,5,1,17,14,7,1,4,1,0,0,2011,18
16,TOT,1,0,1,4,5,9,2,2,4,0,13,12,2,1,5,3,0,0,2011,18
17,WBA,1,0,1,7,10,17,4,3,5,2,11,23,1,4,7,4,0,0,2011,18
18,WIG,1,5,0,10,10,20,8,2,3,2,24,18,6,4,6,10,0,0,2011,18
19,WOL,1,1,0,18,9,27,10,6,11,4,23,15,6,5,8,9,0,0,2011,18
0,ARS,1,0,1,2,6,8,4,0,2,0,9,4,0,4,2,4,0,0,2011,19
1,AVL,1,1,0,6,12,18,2,2,6,1,19,21,1,3,4,5,0,0,2011,19
2,BLA,1,2,0,15,12,27,5,3,5,2,44,27,7,3,6,15,2,1,2011,19
3,BOL,1,1,0,4,5,9,2,4,3,1,9,14,3,2,3,1,0,0,2011,19
4,CHE,1,3,0,8,2,10,6,1,2,6,6,6,3,3,1,12,1,1,2011,19
5,EVE,1,0,1,8,5,13,0,3,1,2,12,6,3,3,5,4,0,0,2011,19
6,FUL,1,1,0,11,9,20,4,6,6,2,19,13,6,6,3,1,0,0,2011,19
7,LIV,1,1,0,1,3,4,0,0,1,1,3,4,1,0,2,2,0,0,2011,19
8,MCI,1,1,0,3,5,8,3,0,2,3,5,6,3,3,1,4,0,0,2011,19
9,MUN,1,3,0,6,5,11,3,2,2,2,2,4,1,1,5,10,1,1,2011,19
10,NEW,1,3,0,7,10,16,4,3,2,2,21,14,5,1,3,8,1,1,2011,19
11,NOR,1,1,0,5,6,11,2,2,3,1,6,1,2,6,1,8,0,0,2011,19
12,QPR,1,1,0,12,6,18,3,1,5,4,9,10,4,2,7,8,1,1,2011,19
13,STK,1,2,0,3,8,11,6,1,1,2,6,1,3,3,0,1,0,0,2011,19
14,SUN,1,0,1,14,13,27,5,4,6,3,10,20,8,6,7,10,0,0,2011,19
15,SWA,1,1,0,5,5,10,5,0,2,2,5,12,0,3,3,10,0,0,2011,19
16,TOT,1,1,0,8,5,13,3,2,3,2,13,12,5,1,5,5,2,1,2011,19
17,WBA,1,1,0,11,4,15,4,2,7,0,13,17,4,3,1,2,1,1,2011,19
18,WIG,1,2,0,9,4,13,2,7,6,2,16,19,4,3,3,1,0,0,2011,19
19,WOL,1,1,0,7,6,13,8,1,4,0,5,14,4,4,4,3,0,0,2011,19
0,ARS,1,2,0,11,11,22,5,7,7,4,14,10,2,6,8,14,4,2,2011,20
1,AVL,1,2,0,7,2,9,5,0,0,3,2,2,1,2,3,7,1,1,2011,20
2,BLA,1,2,0,5,4,9,3,1,0,2,13,9,3,3,2,4,0,0,2011,20
3,BOL,1,1,0,7,3,10,3,3,2,1,9,22,2,2,2,6,3,1,2011,20
4,CHE,1,1,0,7,2,9,4,4,4,2,5,5,3,3,2,1,0,0,2011,20
5,EVE,2,4,0,19,12,31,11,4,8,1,19,21,8,8,7,10,1,0,2011,20
6,FUL,1,1,0,11,8,19,9,1,2,3,14,4,5,6,4,7,0,0,2011,20
7,LIV,1,3,0,5,6,11,6,2,3,1,1,7,2,3,3,5,1,1,2011,20
8,MCI,1,0,1,7,9,16,6,1,3,2,23,16,1,4,4,8,0,0,2011,20
9,MUN,1,3,0,4,6,10,5,3,4,0,10,6,2,3,2,5,0,0,2011,20
10,NEW,1,0,1,2,5,6,2,1,3,1,13,13,0,1,3,9,0,0,2011,20
11,NOR,1,1,0,2,6,8,3,0,2,0,14,3,1,2,1,9,0,0,2011,20
12,QPR,1,2,0,7,8,15,5,3,3,0,7,21,5,4,6,2,0,0,2011,20
13,STK,1,1,0,13,4,17,5,4,11,4,14,15,1,10,2,1,0,0,2011,20
14,SUN,1,1,0,7,16,23,4,1,4,1,11,15,3,8,5,7,0,0,2011,20
15,SWA,1,0,1,10,1,11,1,4,7,1,25,26,3,3,4,5,0,0,2011,20
16,TOT,2,0,2,12,9,21,1,4,5,0,13,22,3,4,5,5,1,0,2011,20
17,WBA,1,1,0,8,12,20,5,2,3,0,19,16,5,3,10,10,0,0,2011,20
18,WIG,1,4,0,7,4,11,6,3,2,3,13,8,4,4,0,8,0,0,2011,20
19,WOL,1,2,0,10,7,17,7,1,5,2,18,6,4,8,1,4,0,0,2011,20
0,ARS,1,3,0,4,6,10,4,0,2,2,17,7,1,4,2,13,1,1,2011,21
1,AVL,1,1,0,6,2,8,4,2,5,2,11,6,1,4,1,2,0,0,2011,21
2,BLA,1,1,0,8,10,18,5,3,4,0,18,25,5,9,1,2,0,0,2011,21
3,BOL,1,3,0,16,7,23,7,4,4,5,28,7,12,6,2,10,0,0,2011,21
4,CHE,1,0,1,6,3,9,3,1,1,3,11,9,3,5,0,9,0,0,2011,21
5,EVE,1,1,0,10,6,16,7,5,10,1,17,15,6,2,3,8,0,0,2011,21
6,FUL,1,3,0,8,6,14,6,0,1,1,1,6,1,5,2,4,0,0,2011,21
7,LIV,1,0,1,0,3,3,1,0,0,0,6,2,2,0,0,2,1,0,2011,21
8,MCI,1,0,1,2,5,7,2,0,1,1,12,9,1,3,0,11,0,0,2011,21
9,MUN,1,0,1,6,4,10,0,1,2,0,6,4,0,3,1,8,0,0,2011,21
10,NEW,1,0,1,5,10,15,6,0,0,0,10,6,3,7,2,8,1,0,2011,21
11,NOR,1,1,0,11,8,19,6,4,5,3,8,27,3,5,5,4,0,0,2011,21
12,QPR,1,1,0,5,6,11,1,2,2,1,9,11,6,2,0,8,0,0,2011,21
13,STK,1,0,1,7,8,15,1,4,4,2,18,24,2,2,7,11,0,0,2011,21
14,SUN,1,1,0,12,13,25,7,3,9,1,17,7,8,3,4,10,0,0,2011,21
15,SWA,1,2,0,13,5,18,7,4,3,3,10,7,7,4,4,12,0,0,2011,21
16,TOT,1,1,0,5,0,5,3,1,2,1,3,6,0,1,2,4,0,0,2011,21
17,WBA,1,2,0,7,1,8,3,3,3,1,6,8,3,0,4,2,0,0,2011,21
18,WIG,1,1,0,11,3,14,6,4,2,3,13,9,5,3,4,9,0,0,2011,21
19,WOL,1,1,0,10,18,28,7,1,5,1,17,16,3,7,9,9,0,0,2011,21
0,ARS,1,2,0,9,0,9,5,1,1,3,9,16,2,2,4,17,0,0,2011,22
1,AVL,1,2,0,11,3,14,5,5,6,2,19,21,5,3,3,3,0,0,2011,22
2,BLA,1,1,0,13,3,16,5,6,9,2,13,12,5,3,4,0,0,0,2011,22
3,BOL,1,1,0,7,4,11,5,1,1,1,8,16,1,4,5,3,1,0,2011,22
4,CHE,1,0,1,3,3,6,2,2,1,0,8,8,2,3,1,3,0,0,2011,22
5,EVE,1,1,0,8,8,16,3,1,3,1,6,17,4,3,6,4,2,1,2011,22
6,FUL,1,2,0,5,12,17,8,2,3,1,13,12,3,5,4,10,0,0,2011,22
7,LIV,1,3,0,7,9,16,5,1,6,1,6,13,3,6,4,4,1,0,2011,22
8,MCI,1,2,0,3,11,14,3,0,3,2,3,8,1,3,6,7,2,1,2011,22
9,MUN,1,1,0,7,7,14,3,2,0,1,16,4,4,7,3,7,1,0,2011,22
10,NEW,1,5,0,8,4,12,9,0,3,5,4,2,1,5,1,4,0,0,2011,22
11,NOR,1,0,1,10,10,20,6,0,4,1,23,16,3,4,5,13,0,0,2011,22
12,QPR,1,1,0,3,6,9,2,0,3,1,9,3,4,1,2,3,0,0,2011,22
13,STK,1,2,0,5,11,16,5,0,1,1,4,10,1,7,3,11,1,1,2011,22
14,SUN,1,0,1,5,11,16,3,1,2,2,16,7,2,6,5,14,0,0,2011,22
15,SWA,1,2,0,9,6,15,3,2,2,1,7,8,0,2,8,5,0,0,2011,22
16,TOT,1,3,0,12,4,16,4,2,4,4,10,13,4,5,4,13,0,0,2011,22
17,WBA,1,1,0,6,6,12,2,2,5,1,17,10,5,3,0,6,0,0,2011,22
18,WIG,1,3,0,6,13,19,7,0,3,2,3,12,1,4,6,4,0,0,2011,22
19,WOL,1,3,0,4,9,13,4,2,3,2,17,9,2,2,2,6,2,2,2011,22
0,ARS,1,0,1,6,6,12,3,2,2,1,9,13,1,5,2,5,1,0,2011,23
1,AVL,1,2,0,2,2,4,3,0,0,0,6,12,1,1,1,7,0,0,2011,23
2,BLA,1,2,0,6,3,9,3,1,2,1,8,2,4,2,2,8,0,0,2011,23
3,BOL,1,0,1,13,3,16,3,3,3,4,14,6,5,5,4,9,0,0,2011,23
4,CHE,1,1,0,5,4,8,3,1,3,1,4,3,1,2,0,11,0,0,2011,23
5,EVE,1,0,1,12,9,21,3,4,4,0,19,13,4,7,5,4,0,0,2011,23
6,FUL,1,1,0,7,7,14,5,0,1,0,6,13,5,4,3,6,0,0,2011,23
7,LIV,1,0,1,3,3,6,1,2,2,0,12,10,2,3,1,4,0,0,2011,23
8,MCI,1,1,0,7,4,11,2,3,2,1,7,7,5,2,2,4,0,0,2011,23
9,MUN,1,0,1,1,8,9,2,1,1,0,13,6,1,4,2,1,0,0,2011,23
10,NEW,1,0,1,14,13,26,4,1,8,9,10,23,2,6,5,7,0,0,2011,23
11,NOR,1,3,0,5,7,12,5,2,2,1,12,6,8,0,3,10,0,0,2011,23
12,QPR,1,2,0,18,9,26,11,4,9,2,22,21,9,9,3,7,0,0,2011,23
13,STK,1,2,0,7,5,12,2,0,3,3,16,5,4,3,3,14,0,0,2011,23
14,SUN,1,0,1,6,9,14,2,3,5,0,10,10,3,4,2,2,0,0,2011,23
15,SWA,1,1,0,9,10,19,4,2,6,0,19,24,4,6,5,5,0,0,2011,23
16,TOT,1,1,0,3,6,9,3,0,0,0,13,6,1,0,5,4,1,0,2011,23
17,WBA,1,1,0,5,10,15,4,2,3,1,14,14,3,5,3,10,0,0,2011,23
18,WIG,1,3,0,12,8,20,9,5,3,2,7,10,3,4,11,8,0,0,2011,23
19,WOL,1,3,0,13,11,24,13,4,7,1,18,9,8,10,3,6,1,1,2011,23
0,ARS,1,1,0,1,5,5,2,1,3,0,6,2,1,2,0,10,0,0,2011,24
1,AVL,1,2,0,12,6,18,3,4,2,2,15,14,3,3,5,12,1,0,2011,24
2,BLA,1,7,0,12,7,19,7,1,6,5,19,12,3,7,4,11,1,1,2011,24
3,BOL,1,2,0,19,5,24,6,5,8,3,16,7,7,5,6,3,1,1,2011,24
4,CHE,1,3,0,7,10,16,9,2,3,3,9,14,4,4,3,9,0,0,2011,24
5,EVE,1,1,0,5,5,10,2,1,5,0,9,12,0,4,2,3,1,1,2011,24
6,FUL,1,3,0,10,6,16,4,0,2,2,8,10,3,4,3,7,0,0,2011,24
7,LIV,1,0,1,5,5,10,3,1,3,1,7,5,2,0,4,5,0,0,2011,24
8,MCI,1,0,1,4,10,13,5,1,3,0,15,3,3,6,0,7,0,0,2011,24
9,MUN,1,3,0,7,13,20,8,3,4,0,11,9,8,5,4,6,0,0,2011,24
10,NEW,1,1,0,7,7,14,7,1,4,4,9,13,3,4,6,11,0,0,2011,24
11,NOR,1,0,1,4,9,13,2,1,4,0,16,15,3,3,3,8,0,0,2011,24
12,QPR,1,2,0,5,8,13,5,2,2,0,12,16,3,6,1,5,0,0,2011,24
13,STK,1,1,0,4,2,6,1,2,2,1,7,10,2,0,2,4,1,0,2011,24
14,SUN,1,0,1,3,6,9,3,2,2,0,8,6,1,2,4,3,0,0,2011,24
15,SWA,1,1,0,14,7,21,6,6,7,1,14,16,5,3,4,9,0,0,2011,24
16,TOT,1,0,1,6,11,17,4,4,5,1,17,15,4,9,2,5,0,0,2011,24
17,WBA,1,2,0,9,7,16,2,1,3,3,13,11,2,2,5,2,0,0,2011,24
18,WIG,1,1,0,4,7,10,4,1,5,0,10,9,1,2,4,3,0,0,2011,24
19,WOL,1,1,0,3,10,13,6,0,1,1,18,6,3,5,3,7,0,0,2011,24
0,ARS,1,1,0,5,5,10,3,1,3,0,6,13,0,1,1,5,0,0,2011,25
1,AVL,1,1,0,10,8,18,7,2,6,2,5,19,5,7,3,12,0,0,2011,25
2,BLA,1,2,0,15,15,29,7,4,5,2,23,9,8,11,3,10,1,1,2011,25
3,BOL,1,2,0,9,4,13,6,2,4,2,7,12,1,4,5,3,0,0,2011,25
4,CHE,1,2,0,4,5,9,4,1,1,2,6,5,1,2,1,9,2,0,2011,25
5,EVE,1,0,1,8,6,14,4,2,3,0,17,16,4,1,1,6,0,0,2011,25
6,FUL,1,1,0,8,6,13,2,2,4,1,13,14,3,6,2,3,0,0,2011,25
7,LIV,1,2,0,10,1,11,6,3,2,4,9,7,3,5,1,7,1,1,2011,25
8,MCI,1,0,1,5,4,9,3,4,4,2,14,6,4,2,2,4,0,0,2011,25
9,MUN,1,1,0,4,6,10,3,1,3,2,10,6,2,4,0,5,1,1,2011,25
10,NEW,1,5,0,11,7,18,7,0,1,5,9,8,5,7,2,7,0,0,2011,25
11,NOR,1,2,0,11,6,17,4,3,6,3,14,13,5,5,2,5,1,0,2011,25
12,QPR,1,3,0,4,4,8,2,0,3,0,4,7,1,4,2,6,0,0,2011,25
13,STK,1,2,0,5,5,10,3,1,3,1,6,6,0,5,4,5,1,0,2011,25
14,SUN,1,2,0,6,8,14,4,1,3,1,17,10,4,4,2,9,0,0,2011,25
15,SWA,1,3,0,10,6,16,9,3,7,4,6,19,1,4,7,3,0,0,2011,25
16,TOT,1,0,1,5,3,8,2,2,1,2,8,7,3,0,2,5,0,0,2011,25
17,WBA,1,1,0,5,7,12,4,4,4,0,16,16,2,3,3,7,0,0,2011,25
18,WIG,1,1,0,7,6,13,4,1,4,0,10,15,1,6,4,2,0,0,2011,25
19,WOL,1,5,0,19,10,29,13,3,7,4,12,10,5,10,9,7,3,1,2011,25
0,ARS,1,2,0,6,5,11,5,2,2,1,5,10,0,0,6,5,0,0,2011,26
1,AVL,1,0,1,9,9,18,2,4,6,1,8,23,5,4,5,5,0,0,2011,26
2,BLA,1,3,0,21,7,28,9,2,6,5,17,18,8,7,10,7,2,1,2011,26
3,BOL,1,3,0,13,13,26,13,5,10,0,17,12,6,6,8,6,0,0,2011,26
4,CHE,1,0,1,4,7,11,1,1,1,0,9,8,4,1,3,6,0,0,2011,26
5,FUL,1,0,1,6,11,17,7,1,4,2,15,7,3,4,7,7,0,0,2011,26
6,MCI,1,0,1,1,4,5,1,0,3,0,0,7,0,0,3,1,0,0,2011,26
7,MUN,1,1,0,10,6,16,5,5,3,2,19,13,9,2,3,0,1,0,2011,26
8,NEW,1,2,0,4,6,10,4,1,2,1,8,12,2,2,3,5,0,0,2011,26
9,NOR,1,2,0,8,3,11,6,1,1,5,22,3,4,5,2,6,0,0,2011,26
10,QPR,1,1,0,6,2,8,2,0,2,1,5,6,1,4,1,9,0,0,2011,26
11,STK,1,0,1,4,5,9,2,1,2,2,11,8,4,2,2,8,0,0,2011,26
12,SUN,1,4,0,13,7,20,10,4,6,3,11,16,3,4,8,12,1,0,2011,26
13,SWA,1,2,0,8,1,9,2,6,6,1,18,8,5,2,0,4,0,0,2011,26
14,TOT,1,5,0,15,8,23,8,3,6,5,14,9,10,5,2,11,1,1,2011,26
15,WBA,1,0,1,2,8,10,3,1,1,0,12,9,2,6,0,5,0,0,2011,26
16,WIG,1,0,1,5,5,10,3,2,5,3,6,14,0,2,4,7,0,0,2011,26
17,WOL,1,2,0,6,9,15,5,1,1,1,6,6,5,3,5,4,1,1,2011,26
0,ARS,1,1,0,10,2,12,4,2,2,4,20,18,3,1,4,7,0,0,2011,27
1,AVL,1,1,0,5,10,15,4,3,3,2,6,20,2,5,3,5,1,0,2011,27
2,BLA,1,1,0,7,9,16,5,2,0,4,9,10,8,2,3,5,0,0,2011,27
3,BOL,1,2,0,16,8,24,8,1,3,7,7,6,9,6,2,10,1,0,2011,27
4,CHE,1,1,0,13,12,25,7,6,9,2,23,12,5,6,6,9,0,0,2011,27
5,EVE,1,1,0,12,10,22,5,4,12,4,9,15,3,3,8,3,1,0,2011,27
6,FUL,1,0,1,8,5,13,1,2,3,0,12,18,0,4,5,4,0,0,2011,27
7,LIV,1,2,0,7,4,10,7,2,0,2,7,1,4,3,3,8,0,0,2011,27
8,MCI,1,0,1,6,3,8,5,3,2,0,4,7,2,4,2,9,0,0,2011,27
9,MUN,1,1,0,9,9,18,6,3,7,1,15,8,4,5,4,12,1,1,2011,27
10,NEW,1,1,0,3,5,8,4,0,2,3,6,8,3,1,0,5,0,0,2011,27
11,NOR,1,1,0,9,3,12,4,5,1,2,20,13,6,2,2,3,0,0,2011,27
12,QPR,1,1,0,5,4,9,2,2,4,0,8,14,2,3,0,6,1,0,2011,27
13,STK,1,0,1,2,6,8,3,1,3,0,4,6,1,4,2,1,0,0,2011,27
14,SUN,1,1,0,16,14,30,5,8,19,2,20,31,2,3,8,11,0,0,2011,27
15,SWA,1,0,1,9,7,16,2,3,4,1,14,20,4,2,6,1,0,0,2011,27
16,TOT,1,3,0,4,2,6,5,1,3,2,5,7,3,0,2,5,1,1,2011,27
17,WBA,1,0,1,6,7,13,2,1,4,2,14,12,1,3,5,5,0,0,2011,27
18,WIG,1,2,0,6,6,12,5,1,3,1,8,4,2,5,1,13,0,0,2011,27
19,WOL,1,5,0,16,11,27,12,2,7,5,16,5,5,11,6,6,2,2,2011,27
0,ARS,1,1,0,3,1,4,2,0,1,0,3,9,1,2,0,3,0,0,2011,28
1,AVL,1,0,1,3,4,7,1,0,1,0,5,6,0,3,2,7,0,0,2011,28
2,BLA,1,0,1,10,4,14,3,4,1,2,16,17,4,1,7,4,0,0,2011,28
3,BOL,1,1,0,12,8,20,4,1,5,2,15,10,2,7,3,5,0,0,2011,28
4,CHE,1,0,1,3,5,8,0,0,2,0,3,4,2,1,1,4,0,0,2011,28
5,EVE,2,3,1,28,12,40,14,5,14,4,25,25,7,15,8,16,2,1,2011,28
6,FUL,1,1,0,9,7,16,6,2,6,2,22,20,4,4,3,3,1,1,2011,28
7,LIV,2,1,1,7,8,15,3,2,3,2,16,18,3,4,5,14,0,0,2011,28
8,MCI,1,1,0,7,5,12,5,4,3,2,14,10,2,6,2,3,0,0,2011,28
9,MUN,1,0,1,4,3,7,3,1,2,1,5,5,1,2,2,6,1,0,2011,28
10,NEW,1,2,0,16,7,23,7,5,7,6,22,9,8,5,4,12,0,0,2011,28
11,NOR,1,1,0,14,6,20,7,4,3,4,13,13,8,4,6,8,1,0,2011,28
12,QPR,1,2,0,9,3,12,3,5,7,2,21,15,6,3,2,5,0,0,2011,28
13,STK,1,1,0,7,16,23,8,4,6,1,23,12,5,7,6,8,1,0,2011,28
14,SUN,1,0,1,3,7,10,3,1,1,0,11,10,3,4,1,7,0,0,2011,28
15,SWA,1,0,1,15,7,22,6,5,10,0,9,14,5,9,4,6,0,0,2011,28
16,TOT,1,1,0,4,5,9,5,0,2,0,2,7,1,3,3,3,0,0,2011,28
17,WBA,1,2,0,18,5,23,8,3,3,6,13,13,6,10,4,14,0,0,2011,28
18,WIG,1,1,0,8,6,14,2,4,4,0,10,13,4,3,6,3,0,0,2011,28
19,WOL,1,2,0,9,5,14,5,1,5,1,6,9,3,2,4,6,0,0,2011,28
0,ARS,1,0,1,4,3,7,1,3,4,1,7,16,0,2,2,0,0,0,2011,29
1,BLA,1,0,1,2,1,3,1,0,2,1,10,25,0,0,1,1,0,0,2011,29
2,CHE,1,2,0,11,10,21,5,0,4,3,16,22,4,6,3,16,1,0,2011,29
3,EVE,1,1,0,10,4,14,4,2,5,3,9,11,1,5,4,10,0,0,2011,29
4,FUL,1,3,0,7,3,10,5,1,0,1,9,6,3,3,3,3,1,1,2011,29
5,LIV,1,3,0,4,7,11,5,2,2,2,19,9,2,4,2,8,1,1,2011,29
6,MCI,1,1,0,4,3,7,2,0,1,0,15,4,0,3,3,6,0,0,2011,29
7,MUN,1,0,1,4,3,7,3,3,3,1,9,14,1,2,3,9,0,0,2011,29
8,NEW,1,0,1,6,5,11,4,2,2,2,11,11,3,2,4,7,1,0,2011,29
9,NOR,1,1,0,8,6,14,6,0,1,2,11,5,2,4,4,2,0,0,2011,29
10,QPR,1,2,0,14,5,19,7,3,8,2,17,18,3,7,4,9,1,0,2011,29
11,STK,1,1,0,9,17,26,7,2,8,1,12,19,6,8,4,11,0,0,2011,29
12,SUN,1,2,0,9,7,16,5,4,8,4,6,8,2,1,6,7,0,0,2011,29
13,SWA,1,0,1,5,11,16,5,1,5,0,9,3,2,3,4,6,0,0,2011,29
14,TOT,1,1,0,8,2,10,2,4,4,2,7,4,3,2,0,5,0,0,2011,29
15,WBA,1,1,0,15,6,21,5,6,7,3,16,32,7,4,6,3,1,0,2011,29
16,WIG,1,1,0,7,3,10,1,4,4,1,15,5,5,2,3,8,0,0,2011,29
17,WOL,1,5,0,10,12,22,9,2,5,5,15,4,8,8,4,7,0,0,2011,29
0,ARS,1,0,1,2,1,3,0,0,1,0,9,7,1,1,1,6,0,0,2011,30
1,AVL,1,3,0,13,6,19,7,5,6,3,17,13,5,4,5,10,2,2,2011,30
2,BLA,1,2,0,13,4,17,4,8,6,4,17,18,4,5,4,6,0,0,2011,30
3,BOL,1,1,0,10,1,11,3,7,7,0,8,9,3,0,6,5,1,0,2011,30
4,CHE,1,0,1,12,8,20,3,4,6,5,8,7,3,5,6,10,0,0,2011,30
5,EVE,1,0,1,4,7,11,1,1,2,0,12,5,3,4,1,5,0,0,2011,30
6,FUL,1,1,0,14,7,21,8,2,3,3,16,13,7,6,2,12,1,1,2011,30
7,LIV,1,2,0,4,4,8,2,0,1,3,0,7,0,2,0,9,0,0,2011,30
8,MCI,1,1,0,5,6,11,2,4,5,1,12,8,7,0,1,7,0,0,2011,30
9,MUN,1,0,1,3,4,7,2,0,0,0,6,2,2,5,0,6,0,0,2011,30
10,NEW,1,1,0,10,7,17,2,5,6,1,16,15,2,4,5,12,1,1,2011,30
11,NOR,1,1,0,7,6,13,2,2,5,0,13,21,2,4,2,5,0,0,2011,30
12,QPR,1,3,0,14,3,17,4,4,5,1,13,11,3,3,5,6,1,1,2011,30
13,STK,1,1,0,9,7,16,6,3,1,2,7,18,4,2,7,3,1,1,2011,30
14,SUN,1,1,0,3,8,11,1,2,4,0,10,4,1,4,3,6,0,0,2011,30
15,SWA,1,2,0,8,7,15,5,1,3,5,12,10,2,5,4,2,0,0,2011,30
16,TOT,1,0,1,4,5,9,2,1,4,0,18,12,3,2,2,5,0,0,2011,30
17,WBA,1,3,0,4,7,11,7,0,2,3,2,7,1,1,3,6,0,0,2011,30
18,WIG,1,1,0,8,11,19,5,2,3,1,15,17,3,6,5,10,0,0,2011,30
19,WOL,1,2,0,8,6,14,3,3,3,2,10,11,1,3,3,7,0,0,2011,30
0,ARS,1,2,0,7,4,11,6,2,3,0,11,6,5,1,3,10,1,1,2011,31
1,AVL,1,4,0,9,4,13,6,2,3,4,4,7,2,5,2,8,0,0,2011,31
2,BLA,1,2,0,7,6,13,5,2,4,1,33,13,5,3,3,7,1,0,2011,31
3,BOL,1,2,0,11,5,16,5,6,4,2,20,22,3,2,7,4,0,0,2011,31
4,CHE,1,2,0,8,1,9,5,4,5,1,11,21,2,1,5,2,1,1,2011,31
5,EVE,1,0,1,4,5,9,2,0,0,1,10,7,3,2,2,8,0,0,2011,31
6,FUL,1,1,0,9,7,16,4,3,5,0,15,18,3,7,3,2,0,0,2011,31
7,LIV,1,2,0,7,3,10,3,6,4,1,12,4,7,2,1,7,1,0,2011,31
8,MCI,1,3,0,5,4,9,3,1,1,2,11,6,4,2,2,1,1,0,2011,31
9,MUN,1,0,1,4,7,11,4,2,4,0,7,7,1,3,3,4,1,0,2011,31
10,NEW,2,0,2,13,15,28,9,6,7,1,36,16,8,7,5,21,2,0,2011,31
11,NOR,1,2,0,12,3,15,7,2,3,3,8,4,4,4,3,4,0,0,2011,31
12,QPR,1,1,0,5,8,13,6,2,6,2,12,10,3,3,1,8,0,0,2011,31
13,STK,1,2,0,9,5,14,6,2,5,4,8,16,4,3,4,7,3,1,2011,31
14,SUN,1,3,0,14,12,26,7,3,10,2,21,24,6,5,5,3,0,0,2011,31
15,SWA,2,5,0,16,9,25,12,7,5,4,13,17,7,7,6,16,0,0,2011,31
16,TOT,1,1,0,4,7,11,2,2,5,0,12,4,3,3,1,11,0,0,2011,31
17,WBA,1,2,0,8,9,17,7,4,2,1,7,14,2,6,6,7,0,0,2011,31
18,WIG,1,0,1,4,1,5,1,2,2,0,10,4,2,0,2,4,1,0,2011,31
19,WOL,1,3,0,16,4,20,7,3,2,6,10,11,7,2,5,6,0,0,2011,31
0,ARS,1,0,1,4,2,6,0,1,4,0,10,6,2,1,1,12,0,0,2011,32
1,AVL,1,1,0,17,7,24,5,7,7,2,23,25,7,4,8,9,0,0,2011,32
2,BLA,1,3,0,7,6,13,5,5,9,2,19,6,3,2,6,5,0,0,2011,32
3,BOL,1,3,0,7,4,11,6,1,1,4,7,3,2,6,1,9,0,0,2011,32
4,CHE,1,1,0,4,7,11,3,2,3,1,7,8,1,6,3,4,0,0,2011,32
5,EVE,1,2,0,6,9,15,6,1,4,1,10,15,1,5,2,2,0,0,2011,32
6,FUL,1,0,1,8,4,12,1,2,3,0,12,24,3,3,3,4,0,0,2011,32
7,LIV,1,1,0,3,2,5,2,1,2,0,4,7,3,0,1,2,0,0,2011,32
8,MCI,1,1,0,10,3,13,3,4,3,5,24,14,3,2,4,11,1,1,2011,32
9,MUN,1,0,1,2,7,9,0,1,2,0,5,4,2,2,3,3,1,0,2011,32
10,NOR,1,2,0,7,3,10,5,2,2,1,13,9,0,0,6,4,0,0,2011,32
11,QPR,1,2,0,14,13,27,10,3,6,4,27,10,6,9,4,5,1,1,2011,32
12,STK,1,1,0,5,7,12,4,1,4,1,12,15,2,1,4,5,1,1,2011,32
13,SUN,1,0,1,6,10,16,1,2,2,2,9,10,3,4,3,10,0,0,2011,32
14,TOT,1,0,1,10,2,12,3,5,4,0,11,14,5,1,3,4,0,0,2011,32
15,WBA,1,0,1,7,10,16,7,3,3,3,7,9,3,4,4,11,0,0,2011,32
16,WIG,1,2,0,15,5,20,7,3,3,2,9,15,2,7,6,8,0,0,2011,32
17,WOL,1,2,0,9,4,13,4,6,6,2,12,11,4,2,3,3,0,0,2011,32
0,ARS,1,0,1,7,3,10,2,2,1,1,9,9,2,2,3,5,1,0,2011,33
1,AVL,1,1,0,8,0,8,2,6,5,1,26,5,3,1,2,3,0,0,2011,33
2,BLA,1,3,0,7,9,16,5,4,5,3,8,6,3,3,3,6,2,1,2011,33
3,BOL,1,2,0,2,6,8,3,0,2,2,10,12,1,3,2,11,0,0,2011,33
4,CHE,1,1,0,6,4,10,7,3,4,1,8,14,2,3,3,4,0,0,2011,33
5,EVE,1,0,1,2,2,3,0,0,1,0,4,13,1,0,2,6,0,0,2011,33
6,FUL,1,1,0,6,9,15,3,3,4,2,9,16,3,4,3,3,0,0,2011,33
7,LIV,1,2,0,8,7,15,6,5,5,3,14,15,2,1,7,7,0,0,2011,33
8,MCI,1,0,1,3,2,5,1,1,1,0,3,4,1,0,4,4,0,0,2011,33
9,MUN,1,1,0,5,8,13,3,0,4,0,3,11,1,2,5,12,0,0,2011,33
10,NEW,1,0,1,5,4,9,3,2,2,1,19,9,3,2,1,10,0,0,2011,33
11,NOR,1,1,0,9,6,15,3,2,5,4,11,20,3,3,7,3,0,0,2011,33
12,QPR,1,0,1,8,3,11,2,4,5,1,18,6,5,2,1,5,0,0,2011,33
13,STK,1,1,0,4,3,7,3,2,2,0,6,2,4,1,1,4,0,0,2011,33
14,SUN,1,4,0,11,11,22,5,1,5,0,13,8,3,9,7,10,0,0,2011,33
15,SWA,1,3,0,9,9,18,6,0,5,1,18,3,6,4,3,10,1,0,2011,33
16,TOT,1,2,0,6,6,12,4,1,5,2,8,8,2,2,2,3,1,1,2011,33
17,WBA,1,4,0,12,7,19,5,2,1,4,9,8,4,8,7,6,0,0,2011,33
18,WIG,1,0,1,3,6,9,1,1,2,1,12,5,4,4,1,4,0,0,2011,33
19,WOL,1,3,0,11,1,12,7,1,0,3,13,2,4,3,2,11,0,0,2011,33
0,ARS,1,2,0,10,5,15,7,1,3,4,2,6,1,1,6,15,3,1,2011,34
1,AVL,1,4,0,23,6,29,9,3,10,6,17,12,9,5,8,13,1,1,2011,34
2,BLA,1,3,0,13,9,22,8,3,5,1,23,7,7,5,5,9,1,0,2011,34
3,MCI,1,1,0,8,8,16,5,2,3,2,18,11,2,6,2,6,1,1,2011,34
4,MUN,1,0,1,7,5,12,2,4,4,0,11,2,4,2,4,2,0,0,2011,34
5,NOR,1,6,0,16,7,23,11,2,4,4,8,4,3,9,7,18,2,2,2011,34
6,QPR,1,1,0,8,7,15,5,1,4,1,9,10,7,3,4,4,1,0,2011,34
7,SUN,1,0,1,6,5,11,5,4,0,0,9,15,2,3,5,2,1,0,2011,34
8,SWA,1,0,1,5,4,8,2,4,4,0,5,5,4,1,2,5,0,0,2011,34
9,WBA,1,0,1,11,7,18,2,4,6,0,22,10,7,4,3,7,0,0,2011,34
10,WIG,1,1,0,15,8,23,4,6,8,3,27,8,7,6,5,14,1,0,2011,34
11,WOL,1,0,1,12,3,15,3,5,3,3,18,16,5,7,2,5,0,0,2011,34
0,ARS,1,0,1,10,4,14,2,4,8,0,12,9,3,2,5,6,1,0,2011,35
1,AVL,2,2,1,16,12,28,8,6,5,5,16,25,4,9,7,9,1,0,2011,35
2,BLA,1,0,1,9,4,13,3,4,4,0,14,11,5,5,1,5,0,0,2011,35
3,BOL,2,2,0,28,16,44,8,6,11,2,30,27,9,14,10,21,1,0,2011,35
4,CHE,1,0,1,9,4,13,4,2,5,2,13,12,2,3,5,7,0,0,2011,35
5,EVE,1,4,0,14,10,24,7,7,8,4,16,16,6,6,5,8,0,0,2011,35
6,FUL,1,1,0,5,5,10,4,0,2,0,4,8,3,3,2,4,0,0,2011,35
7,LIV,1,1,0,4,5,9,3,0,2,2,2,7,1,2,3,3,2,1,2011,35
8,MCI,1,0,1,2,4,6,3,1,3,0,18,13,0,3,1,4,0,0,2011,35
9,MUN,1,4,0,11,6,17,7,3,1,1,8,3,7,2,6,2,2,1,2011,35
10,NEW,1,0,1,4,4,8,0,0,3,1,13,10,0,3,2,1,0,0,2011,35
11,NOR,1,2,0,5,3,8,3,2,3,2,13,11,0,2,5,2,0,0,2011,35
12,QPR,1,0,1,9,11,20,6,4,8,2,21,15,6,6,2,14,0,0,2011,35
13,STK,1,3,0,9,8,17,9,3,4,3,5,3,2,4,6,3,0,0,2011,35
14,SUN,1,0,1,5,8,13,4,0,2,0,16,11,4,4,2,8,1,0,2011,35
15,SWA,1,1,0,6,4,10,2,3,3,1,12,16,2,1,3,5,0,0,2011,35
16,TOT,1,1,0,5,7,12,3,0,3,0,9,2,5,2,1,9,0,0,2011,35
17,WBA,1,0,1,18,12,30,4,5,8,3,22,24,7,8,6,8,0,0,2011,35
18,WIG,1,2,0,8,6,14,4,2,4,2,12,10,1,8,3,3,0,0,2011,35
19,WOL,1,2,0,12,5,17,5,1,2,4,8,8,4,5,5,10,1,0,2011,35
0,ARS,1,1,0,3,2,5,2,2,1,0,12,8,2,0,1,1,1,0,2011,36
1,AVL,1,0,1,14,6,20,2,4,5,3,12,11,5,2,9,4,1,0,2011,36
2,BLA,1,2,0,9,10,19,4,3,3,2,17,16,5,5,4,13,0,0,2011,36
3,BOL,2,6,0,15,11,26,10,3,6,4,16,18,3,9,9,12,0,0,2011,36
4,CHE,2,3,0,9,17,26,6,3,7,0,17,18,5,8,7,14,0,0,2011,36
5,EVE,2,1,1,12,6,17,5,6,8,0,18,14,6,1,4,13,0,0,2011,36
6,FUL,2,4,1,17,17,33,10,6,8,3,31,22,3,13,6,8,0,0,2011,36
7,LIV,2,1,1,9,10,19,5,4,4,1,15,9,6,5,4,8,1,0,2011,36
8,MCI,1,0,1,4,1,5,0,1,2,0,11,17,1,1,2,1,0,0,2011,36
9,MUN,1,1,0,11,4,15,3,1,4,0,16,10,8,5,2,14,0,0,2011,36
10,NEW,2,4,1,14,14,28,8,4,6,1,24,17,5,6,9,11,1,1,2011,36
11,NOR,1,3,0,13,3,16,5,2,2,4,6,6,2,3,4,8,2,2,2011,36
12,QPR,1,6,0,17,13,30,13,4,7,5,10,9,9,11,2,9,1,1,2011,36
13,STK,2,2,0,18,10,28,9,5,9,4,19,25,5,8,9,10,2,1,2011,36
14,SUN,1,2,0,10,6,16,6,4,4,2,6,13,1,5,5,10,0,0,2011,36
15,SWA,1,4,0,12,5,17,6,5,4,3,8,29,5,2,4,4,1,0,2011,36
16,TOT,2,1,1,11,4,15,5,3,8,3,12,18,4,1,4,5,0,0,2011,36
17,WBA,1,0,1,11,1,12,3,4,3,4,9,7,4,3,3,0,0,0,2011,36
18,WIG,1,0,1,6,5,11,2,2,5,1,4,8,0,1,7,7,0,0,2011,36
19,WOL,1,4,0,8,3,11,7,3,0,2,9,3,4,2,2,11,1,0,2011,36
0,ARS,1,3,0,11,2,13,4,2,1,4,12,7,4,3,4,1,2,1,2011,37
1,AVL,1,1,0,10,12,22,4,2,4,1,27,15,7,6,4,11,0,0,2011,37
2,BLA,1,1,0,13,7,20,6,5,5,1,14,13,7,3,5,10,1,0,2011,37
3,BOL,1,2,0,15,5,19,10,4,5,2,15,8,6,5,5,6,0,0,2011,37
4,CHE,1,4,0,12,11,23,6,3,7,9,11,8,3,8,5,7,3,2,2011,37
5,EVE,1,0,1,5,4,9,0,3,3,0,10,10,6,1,1,3,0,0,2011,37
6,FUL,1,1,0,6,7,13,6,2,4,1,8,6,4,3,2,6,0,0,2011,37
7,LIV,1,1,0,6,6,11,2,3,6,1,8,7,3,1,3,2,0,0,2011,37
8,MCI,1,0,1,8,7,15,3,2,3,1,5,10,3,3,4,4,0,0,2011,37
9,MUN,1,0,1,4,9,13,6,0,2,0,5,7,3,8,0,3,0,0,2011,37
10,NEW,1,2,0,12,9,21,7,1,5,5,9,10,3,8,4,10,2,1,2011,37
11,NOR,1,3,0,21,2,23,11,5,6,9,20,13,7,7,4,13,0,0,2011,37
12,QPR,1,0,1,6,2,8,0,2,3,2,15,5,3,1,1,2,0,0,2011,37
13,STK,1,1,0,9,13,22,6,5,8,1,17,12,2,8,6,8,1,0,2011,37
14,SUN,1,2,0,14,8,22,7,1,10,1,9,6,3,9,4,9,0,0,2011,37
15,SWA,1,2,0,18,10,28,7,5,8,3,29,21,8,12,3,9,0,0,2011,37
16,TOT,1,1,0,2,2,4,1,1,1,1,9,4,1,2,0,0,0,0,2011,37
17,WBA,1,2,0,8,7,15,5,5,2,3,6,15,2,2,5,5,0,0,2011,37
18,WIG,1,0,1,3,9,12,2,0,3,1,10,13,3,5,1,2,0,0,2011,37
19,WOL,1,0,1,13,8,21,4,3,3,2,13,15,5,5,2,5,2,0,2011,37
0,ARS,1,2,0,6,7,13,5,1,3,1,16,8,4,6,1,12,0,0,2011,38
1,AVL,1,2,0,12,11,23,8,2,7,4,21,7,7,5,3,1,1,1,2011,38
2,BLA,1,2,0,9,10,19,4,3,2,2,12,21,7,3,6,6,1,0,2011,38
3,BOL,1,2,0,11,6,17,7,3,3,5,14,7,9,0,3,5,0,0,2011,38
4,CHE,1,1,0,3,7,10,4,2,4,1,5,4,2,3,2,4,1,0,2011,38
5,EVE,1,1,0,6,5,11,3,1,0,1,6,4,3,7,0,2,1,0,2011,38
6,FUL,1,2,0,10,7,17,6,2,4,3,8,9,2,3,5,6,0,0,2011,38
7,LIV,1,1,0,9,4,13,4,1,6,1,12,5,3,3,3,8,0,0,2011,38
8,MCI,1,2,0,2,1,3,3,1,1,1,1,1,0,0,2,1,1,1,2011,38
9,MUN,1,0,1,3,5,8,2,1,2,0,4,9,1,3,1,2,0,0,2011,38
10,NEW,1,3,0,9,9,17,10,3,6,4,5,9,4,7,2,5,0,0,2011,38
11,NOR,1,0,1,5,5,10,5,3,4,1,11,8,2,2,4,4,0,0,2011,38
12,QPR,1,3,0,27,17,44,15,5,17,5,32,35,9,8,15,7,1,1,2011,38
13,STK,1,2,0,8,12,20,4,2,5,0,16,14,1,3,7,2,2,1,2011,38
14,SUN,1,1,0,13,8,21,7,3,8,4,13,9,4,3,4,7,0,0,2011,38
15,SWA,1,0,1,7,6,13,5,3,5,1,10,9,5,2,2,4,0,0,2011,38
16,TOT,1,0,1,3,8,11,5,0,2,0,8,5,2,4,3,4,0,0,2011,38
17,WBA,1,3,0,9,4,13,3,0,2,1,17,7,4,4,1,12,2,2,2011,38
18,WIG,1,2,0,7,2,9,4,3,2,2,6,12,2,1,3,4,1,1,2011,38
19,WOL,1,3,0,9,5,14,8,1,5,1,9,11,2,5,5,3,0,0,2011,38
