,Team,Games Played,GoalsTotal,GoalsIn,GoalsOut,GoalsBCS,GoalsPen,GoalsSP,AttemptsTotal,AttemptsIn,AttemptsBCT,AttemptsSP,AttemptsBlkd,AttemptsHit WW,AttemptsMins Per Chance,AttemptsOn Target,Conversion %Shots,Conversion %Goals,Season,GW ID
0,ARS,1,0,0,0,0,0,0,22,13,0,4,4,0,4.4,4,18.2,0.0,2021,1
1,AVL,1,2,1,1,1,1,0,11,4,1,2,3,0,8.9,2,18.2,18.2,2021,1
2,BRE,1,2,2,0,1,0,1,8,7,2,2,0,1,12.0,3,37.5,25.0,2021,1
3,BHA,1,2,2,0,2,0,0,14,12,3,6,4,0,6.7,6,42.9,14.3,2021,1
4,BUR,1,1,1,0,1,0,1,14,8,3,5,3,2,6.7,3,21.4,7.1,2021,1
5,CHE,1,3,1,2,1,0,1,13,5,1,5,2,0,7.2,6,46.2,23.1,2021,1
6,CRY,1,0,0,0,0,0,0,4,4,0,2,1,0,23.3,1,25.0,0.0,2021,1
7,EVE,1,3,3,0,2,0,1,14,11,3,3,3,0,6.7,6,42.9,21.4,2021,1
8,LEE,1,1,0,1,0,0,0,10,3,2,5,1,0,9.4,3,30.0,10.0,2021,1
9,LEI,1,1,1,0,0,0,0,9,6,0,0,1,0,10.4,5,55.6,11.1,2021,1
10,LIV,1,3,3,0,2,0,1,19,13,4,9,6,0,4.8,6,31.6,15.8,2021,1
11,MCI,1,0,0,0,0,0,0,18,11,3,5,5,0,5.3,4,22.2,0.0,2021,1
12,MUN,1,5,5,0,2,0,0,16,12,3,2,3,0,5.9,8,50.0,31.3,2021,1
13,NEW,1,2,2,0,1,0,0,17,9,1,7,7,0,5.6,3,17.6,11.8,2021,1
14,NOR,1,0,0,0,0,0,0,14,9,1,6,3,0,6.6,3,21.4,0.0,2021,1
15,SOU,1,1,1,0,1,0,0,6,5,1,3,2,0,15.7,3,50.0,16.7,2021,1
16,TOT,1,1,0,1,0,0,0,13,5,1,4,6,0,7.4,2,15.4,7.7,2021,1
17,WAT,1,3,3,0,0,0,0,13,9,1,2,2,0,7.5,7,53.8,23.1,2021,1
18,WHU,1,4,4,0,3,0,1,18,12,6,5,6,1,5.3,8,44.4,22.2,2021,1
19,WOL,1,0,0,0,0,0,0,17,12,1,1,7,0,5.5,3,17.6,0.0,2021,1
0,ARS,1,0,0,0,0,0,0,6,3,1,2,1,0,15.7,3,50.0,0.0,2021,2
1,AVL,1,2,2,0,1,1,1,10,6,1,5,1,0,9.7,2,20.0,20.0,2021,2
2,BRE,1,0,0,0,0,0,0,14,8,0,7,4,1,6.8,3,21.4,0.0,2021,2
3,BHA,1,2,2,0,1,0,1,13,8,3,5,5,0,7.2,3,23.1,15.4,2021,2
4,BUR,1,0,0,0,0,0,0,9,7,2,3,1,0,10.6,3,33.3,0.0,2021,2
5,CHE,1,2,2,0,2,0,0,22,15,5,4,11,0,4.3,5,22.7,9.1,2021,2
6,CRY,1,0,0,0,0,0,0,7,5,1,2,0,1,13.6,2,28.6,0.0,2021,2
7,EVE,1,2,2,0,1,1,0,17,9,2,2,4,0,5.6,8,47.1,11.8,2021,2
8,LEE,1,2,2,0,1,0,1,17,7,1,7,7,0,5.6,4,23.5,11.8,2021,2
9,LEI,1,1,1,0,1,0,0,5,4,1,0,2,0,18.6,1,20.0,20.0,2021,2
10,LIV,1,2,2,0,2,0,0,27,21,3,9,9,0,3.5,8,29.6,7.4,2021,2
11,MCI,1,5,4,1,3,0,1,16,7,3,4,6,0,5.8,4,25.0,31.3,2021,2
12,MUN,1,1,1,0,0,0,0,15,11,3,7,5,1,6.4,3,20.0,6.7,2021,2
13,NEW,1,0,0,0,0,0,0,9,6,1,4,1,0,10.8,1,11.1,0.0,2021,2
14,NOR,1,0,0,0,0,0,0,1,1,0,0,0,0,93.0,0,0.0,0.0,2021,2
15,SOU,1,1,0,1,0,0,0,8,3,1,3,1,0,12.0,3,37.5,12.5,2021,2
16,TOT,1,1,1,0,1,1,0,8,7,2,1,2,0,11.8,6,75.0,12.5,2021,2
17,WAT,1,0,0,0,0,0,0,10,7,0,0,4,0,9.4,1,10.0,0.0,2021,2
18,WHU,1,4,4,0,2,0,0,19,15,3,5,2,0,4.9,7,36.8,21.1,2021,2
19,WOL,1,0,0,0,0,0,0,25,14,1,7,10,0,3.8,6,24.0,0.0,2021,2
0,ARS,1,0,0,0,0,0,0,1,1,0,0,0,0,94.0,0,0.0,0.0,2021,3
1,AVL,1,1,0,1,0,0,0,7,5,1,3,0,0,14.0,5,71.4,14.3,2021,3
2,BRE,1,1,1,0,1,0,1,9,7,2,2,5,0,10.9,2,22.2,11.1,2021,3
3,BHA,1,0,0,0,0,0,0,14,5,0,4,6,0,6.8,3,21.4,0.0,2021,3
4,BUR,1,1,1,0,1,0,1,12,9,2,6,4,0,7.8,3,25.0,8.3,2021,3
5,CHE,1,1,1,0,0,0,1,6,6,0,1,2,0,15.7,3,50.0,16.7,2021,3
6,CRY,1,2,2,0,2,0,0,9,6,3,4,4,0,10.6,2,22.2,22.2,2021,3
7,EVE,1,2,2,0,1,1,0,14,8,1,1,5,0,6.8,5,35.7,14.3,2021,3
8,LEE,1,1,1,0,1,0,0,12,9,2,4,5,0,7.8,2,16.7,8.3,2021,3
9,LEI,1,2,2,0,1,0,0,9,7,2,2,1,0,10.7,3,33.3,22.2,2021,3
10,LIV,1,1,1,0,1,1,0,24,17,4,10,5,1,3.9,7,29.2,4.2,2021,3
11,MCI,1,5,4,1,4,0,1,25,17,7,7,10,0,3.8,10,40.0,20.0,2021,3
12,MUN,1,1,1,0,0,0,0,10,7,1,5,2,0,9.7,3,30.0,10.0,2021,3
13,NEW,1,2,2,0,2,0,0,10,7,2,3,1,0,9.8,4,40.0,20.0,2021,3
14,NOR,1,1,1,0,1,1,0,14,5,2,2,4,0,6.9,4,28.6,7.1,2021,3
15,SOU,1,2,2,0,2,1,0,22,12,4,4,9,0,4.5,6,27.3,9.1,2021,3
16,TOT,1,1,0,1,0,0,1,15,9,0,9,3,0,6.3,8,53.3,6.7,2021,3
17,WAT,1,0,0,0,0,0,0,9,6,0,2,3,0,10.4,2,22.2,0.0,2021,3
18,WHU,1,2,2,0,2,0,0,14,11,2,2,7,0,6.8,4,28.6,14.3,2021,3
19,WOL,1,0,0,0,0,0,0,15,10,3,3,4,0,6.5,5,33.3,0.0,2021,3
