,Team,Games Played,GoalsTotal,GoalsIn,GoalsOut,GoalsBCS,GoalsPen,GoalsSP,AttemptsTotal,AttemptsIn,AttemptsBCT,AttemptsSP,AttemptsBlkd,AttemptsHit WW,AttemptsMins Per Chance,AttemptsOn Target,Conversion %Shots,Conversion %Goals,Season,GW ID
0,ARS,1,0,0,0,0,0,0,11,4,1,2,4,0,8.6,1,9.1,0.0,2011,1
1,AVL,1,0,0,0,0,0,0,7,5,0,3,1,0,13.4,1,14.3,0.0,2011,1
2,BLA,1,1,1,0,0,0,0,17,11,2,9,7,0,5.6,2,11.8,5.9,2011,1
3,BOL,1,4,2,2,0,0,3,18,9,2,8,7,0,5.2,5,27.8,22.2,2011,1
4,CHE,1,0,0,0,0,0,0,19,8,1,4,4,0,5.1,7,36.8,0.0,2011,1
5,FUL,1,0,0,0,0,0,0,15,10,2,3,5,0,6.3,5,33.3,0.0,2011,1
6,LIV,1,1,1,0,0,0,1,14,9,1,5,1,1,6.8,3,21.4,7.1,2011,1
7,MCI,1,4,3,1,3,0,0,30,23,5,7,6,2,3.1,15,50.0,13.3,2011,1
8,MUN,1,2,1,1,0,0,0,11,6,2,4,4,0,8.6,1,9.1,18.2,2011,1
9,NEW,1,0,0,0,0,0,0,8,3,0,2,2,0,11.9,1,12.5,0.0,2011,1
10,NOR,1,1,1,0,1,0,0,13,8,2,4,2,0,7.3,2,15.4,7.7,2011,1
11,QPR,1,0,0,0,0,0,0,17,5,1,3,8,0,5.5,2,11.8,0.0,2011,1
12,STK,1,0,0,0,0,0,0,6,1,0,1,2,0,16.0,1,16.7,0.0,2011,1
13,SUN,1,1,1,0,0,0,0,14,5,0,0,1,0,6.8,4,28.6,7.1,2011,1
14,SWA,1,0,0,0,0,0,0,8,2,0,2,2,0,11.8,3,37.5,0.0,2011,1
15,WBA,1,1,1,0,0,0,0,16,9,0,2,6,0,5.9,3,18.8,6.3,2011,1
16,WIG,1,1,1,0,1,1,0,20,14,4,2,6,1,4.8,6,30.0,5.0,2011,1
17,WOL,1,2,2,0,1,0,1,15,11,2,3,1,0,6.3,4,26.7,13.3,2011,1
0,ARS,1,0,0,0,0,0,0,12,5,1,5,4,0,7.9,3,25.0,0.0,2011,2
1,AVL,1,3,2,1,1,0,0,10,5,1,1,1,0,9.5,5,50.0,30.0,2011,2
2,BLA,1,1,1,0,1,0,0,12,5,1,3,4,0,7.9,2,16.7,8.3,2011,2
3,BOL,1,2,2,0,0,0,1,7,5,0,4,2,0,13.6,3,42.9,28.6,2011,2
4,CHE,1,2,2,0,0,0,0,24,16,2,5,8,0,4.0,8,33.3,8.3,2011,2
5,EVE,1,0,0,0,0,0,0,14,6,1,2,2,1,6.9,4,28.6,0.0,2011,2
6,FUL,1,0,0,0,0,0,0,12,8,2,4,3,0,7.8,4,33.3,0.0,2011,2
7,LIV,1,2,1,1,1,0,0,14,7,2,1,2,1,6.8,6,42.9,14.3,2011,2
8,MCI,1,3,1,2,1,0,2,18,11,3,4,3,0,5.3,7,38.9,16.7,2011,2
9,MUN,1,3,3,0,3,0,1,28,15,4,9,9,0,3.4,14,50.0,10.7,2011,2
10,NEW,1,1,0,1,0,0,1,13,8,3,8,3,0,7.4,5,38.5,7.7,2011,2
11,NOR,1,1,1,0,0,0,1,10,2,0,3,5,0,9.7,3,30.0,10.0,2011,2
12,QPR,1,1,1,0,0,0,0,4,2,0,0,2,0,24.0,1,25.0,25.0,2011,2
13,STK,1,1,1,0,0,0,0,18,10,2,2,4,0,5.4,5,27.8,5.6,2011,2
14,SUN,1,0,0,0,0,0,0,15,7,0,2,3,1,6.4,3,20.0,0.0,2011,2
15,SWA,1,0,0,0,0,0,0,13,6,0,2,1,0,7.2,4,30.8,0.0,2011,2
16,TOT,1,0,0,0,0,0,0,21,7,0,5,5,1,4.5,9,42.9,0.0,2011,2
17,WBA,1,1,1,0,1,0,0,6,4,2,0,0,0,15.8,4,66.7,16.7,2011,2
18,WIG,1,0,0,0,0,0,0,10,6,1,2,1,2,9.4,3,30.0,0.0,2011,2
19,WOL,1,2,2,0,1,0,1,20,10,3,3,3,1,4.7,6,30.0,10.0,2011,2
0,ARS,1,2,2,0,1,0,0,20,9,4,2,6,0,4.7,8,40.0,10.0,2011,3
1,AVL,1,0,0,0,0,0,0,18,11,0,9,4,0,5.2,3,16.7,0.0,2011,3
2,BLA,1,0,0,0,0,0,0,21,14,2,5,7,3,4.5,7,33.3,0.0,2011,3
3,BOL,1,1,1,0,1,0,0,10,6,1,3,3,0,9.3,3,30.0,10.0,2011,3
4,CHE,1,3,2,1,2,1,0,18,9,3,5,3,0,5.7,7,38.9,16.7,2011,3
5,EVE,1,1,1,0,1,1,0,11,8,2,1,3,0,8.5,3,27.3,9.1,2011,3
6,FUL,1,1,1,0,0,0,1,18,10,1,7,6,0,5.3,5,27.8,5.6,2011,3
7,LIV,1,3,2,1,1,0,1,20,12,3,5,6,0,4.7,6,30.0,15.0,2011,3
8,MCI,1,5,4,1,2,0,0,22,11,5,1,3,0,4.3,9,40.9,22.7,2011,3
9,MUN,1,8,5,3,2,1,2,25,15,6,4,1,1,3.8,14,56.0,32.0,2011,3
10,NEW,1,2,2,0,1,0,0,12,7,2,5,3,0,8.0,6,50.0,16.7,2011,3
11,NOR,1,1,1,0,0,0,0,11,6,2,2,1,0,9.3,6,54.5,9.1,2011,3
12,QPR,1,0,0,0,0,0,0,19,6,0,9,5,2,4.9,4,21.1,0.0,2011,3
13,STK,1,1,1,0,0,0,0,5,2,0,1,0,0,19.0,1,20.0,20.0,2011,3
14,SUN,1,0,0,0,0,0,0,12,8,2,2,6,1,7.9,2,16.7,0.0,2011,3
15,SWA,1,0,0,0,0,0,0,18,12,3,4,5,1,5.3,3,16.7,0.0,2011,3
16,TOT,1,1,1,0,0,0,1,21,8,2,4,10,0,4.5,5,23.8,4.8,2011,3
17,WBA,1,0,0,0,0,0,0,16,9,1,5,3,0,5.9,4,25.0,0.0,2011,3
18,WIG,1,2,0,2,0,0,0,12,5,0,2,5,0,7.8,5,41.7,16.7,2011,3
19,WOL,1,0,0,0,0,0,0,7,4,0,1,3,0,13.3,2,28.6,0.0,2011,3
0,ARS,1,1,0,1,0,0,0,19,8,3,2,7,1,5.0,3,15.8,5.3,2011,4
1,AVL,1,2,1,1,1,0,1,9,3,1,4,2,0,10.6,3,33.3,22.2,2011,4
2,BLA,1,1,0,1,0,0,0,11,4,0,3,3,0,9.3,3,27.3,9.1,2011,4
3,BOL,1,0,0,0,0,0,0,22,12,0,1,7,1,4.3,5,22.7,0.0,2011,4
4,CHE,1,2,2,0,0,0,0,19,7,0,4,6,1,4.9,5,26.3,10.5,2011,4
5,EVE,1,2,2,0,2,1,0,21,12,8,6,7,0,4.5,7,33.3,9.5,2011,4
6,FUL,1,1,1,0,0,0,0,14,7,0,6,6,0,7.3,3,21.4,7.1,2011,4
7,LIV,1,0,0,0,0,0,0,24,13,4,5,9,0,4.0,6,25.0,0.0,2011,4
8,MCI,1,3,3,0,2,0,0,26,18,5,7,5,2,3.6,7,26.9,11.5,2011,4
9,MUN,1,5,4,1,4,0,2,14,9,6,4,4,0,6.7,7,50.0,35.7,2011,4
10,NEW,1,0,0,0,0,0,0,8,6,0,4,2,0,11.9,1,12.5,0.0,2011,4
11,NOR,1,0,0,0,0,0,0,18,8,2,3,3,0,5.4,3,16.7,0.0,2011,4
12,QPR,1,0,0,0,0,0,0,16,12,5,3,5,0,5.9,2,12.5,0.0,2011,4
13,STK,1,1,1,0,1,1,0,3,2,1,1,1,0,32.0,1,33.3,33.3,2011,4
14,SUN,1,1,1,0,0,0,0,13,6,1,5,3,0,7.2,3,23.1,7.7,2011,4
15,SWA,1,0,0,0,0,0,0,12,7,2,6,4,1,7.9,2,16.7,0.0,2011,4
16,TOT,1,2,2,0,1,0,0,16,10,1,3,6,0,5.9,4,25.0,12.5,2011,4
17,WBA,1,1,1,0,1,0,0,15,5,4,3,3,1,6.5,6,40.0,6.7,2011,4
18,WIG,1,0,0,0,0,0,0,11,7,3,1,4,0,8.5,3,27.3,0.0,2011,4
19,WOL,1,0,0,0,0,0,0,10,6,1,3,1,0,9.5,5,50.0,0.0,2011,4
0,ARS,1,3,3,0,0,0,0,23,18,4,6,8,0,4.1,8,34.8,13.0,2011,5
1,AVL,1,1,1,0,1,0,0,11,8,2,1,3,0,8.5,1,9.1,9.1,2011,5
2,BLA,1,4,2,2,2,0,2,8,5,4,3,1,0,11.9,4,50.0,50.0,2011,5
3,BOL,1,1,1,0,1,1,0,9,5,1,4,4,0,10.6,4,44.4,11.1,2011,5
4,CHE,1,1,1,0,1,0,0,22,14,6,5,4,0,4.3,7,31.8,4.5,2011,5
5,EVE,1,3,3,0,2,0,1,19,12,2,5,6,1,5.3,5,26.3,15.8,2011,5
6,FUL,1,2,1,1,0,0,0,14,4,2,4,5,0,6.7,5,35.7,14.3,2011,5
7,LIV,1,0,0,0,0,0,0,3,0,0,1,0,0,31.3,1,33.3,0.0,2011,5
8,MCI,1,2,1,1,1,0,0,18,8,1,3,6,0,5.2,5,27.8,11.1,2011,5
9,MUN,1,3,2,1,1,0,1,14,9,5,4,4,1,6.9,5,35.7,21.4,2011,5
10,NEW,1,1,1,0,1,0,0,22,12,3,8,9,1,4.3,6,27.3,4.5,2011,5
11,NOR,1,2,2,0,1,0,2,14,9,2,7,2,0,6.8,6,42.9,14.3,2011,5
12,QPR,1,3,2,1,1,0,0,20,9,2,9,3,1,4.8,10,50.0,15.0,2011,5
13,STK,1,0,0,0,0,0,0,10,7,1,6,5,0,9.7,2,20.0,0.0,2011,5
14,SUN,1,4,1,3,0,0,2,9,4,0,3,2,0,10.8,6,66.7,44.4,2011,5
15,SWA,1,3,3,0,3,1,1,10,7,4,4,3,0,9.9,4,40.0,30.0,2011,5
16,TOT,1,4,3,1,2,0,0,26,14,5,5,7,0,3.6,9,34.6,15.4,2011,5
17,WBA,1,0,0,0,0,0,0,15,5,1,4,5,0,6.6,5,33.3,0.0,2011,5
18,WIG,1,1,1,0,0,0,1,10,4,1,3,3,1,10.0,1,10.0,10.0,2011,5
19,WOL,1,0,0,0,0,0,0,15,8,1,5,5,1,6.3,2,13.3,0.0,2011,5
0,ARS,1,3,3,0,1,0,0,28,15,3,5,8,0,3.3,11,39.3,10.7,2011,6
1,AVL,1,1,1,0,1,1,0,11,7,1,2,5,0,8.7,2,18.2,9.1,2011,6
2,BLA,1,1,1,0,0,0,0,3,2,0,1,0,1,31.7,1,33.3,33.3,2011,6
3,BOL,1,0,0,0,0,0,0,3,1,0,1,1,0,31.0,2,66.7,0.0,2011,6
4,CHE,1,4,4,0,1,0,0,15,9,1,2,1,1,6.3,7,46.7,26.7,2011,6
5,EVE,1,0,0,0,0,0,0,8,3,0,1,2,0,11.9,2,25.0,0.0,2011,6
6,FUL,1,0,0,0,0,0,0,18,8,1,2,4,1,5.3,5,27.8,0.0,2011,6
7,LIV,1,2,1,1,1,0,0,16,11,4,2,3,1,5.9,5,31.3,12.5,2011,6
8,MCI,1,2,1,1,1,0,0,19,7,1,4,2,1,5.0,7,36.8,10.5,2011,6
9,MUN,1,1,1,0,0,0,0,14,10,3,2,4,0,6.8,4,28.6,7.1,2011,6
10,NEW,1,3,3,0,1,0,0,21,9,2,6,6,0,4.5,4,19.0,14.3,2011,6
11,NOR,1,2,2,0,0,0,0,12,4,0,3,5,0,8.0,4,33.3,16.7,2011,6
12,QPR,1,1,0,1,0,0,0,19,9,0,11,9,1,5.1,2,10.5,5.3,2011,6
13,STK,1,1,1,0,0,0,1,13,8,4,5,3,0,7.3,5,38.5,7.7,2011,6
14,SUN,1,1,0,1,0,0,0,14,5,2,1,2,0,6.9,5,35.7,7.1,2011,6
15,SWA,1,1,1,0,1,0,1,7,6,2,6,3,0,13.6,1,14.3,14.3,2011,6
16,TOT,1,2,2,0,0,0,1,16,13,2,6,4,0,5.9,6,37.5,12.5,2011,6
17,WBA,1,0,0,0,0,0,0,9,5,1,0,3,1,10.6,3,33.3,0.0,2011,6
18,WIG,1,1,0,1,0,0,0,5,1,0,1,1,0,19.0,3,60.0,20.0,2011,6
19,WOL,1,1,1,0,1,0,0,17,7,1,7,8,0,5.5,2,11.8,5.9,2011,6
0,ARS,1,1,1,0,1,0,0,13,7,2,2,3,0,7.4,5,38.5,7.7,2011,7
1,AVL,1,2,2,0,1,0,0,16,7,3,2,4,0,5.9,6,37.5,12.5,2011,7
2,BLA,1,0,0,0,0,0,0,6,2,0,1,0,0,15.5,4,66.7,0.0,2011,7
3,BOL,1,1,1,0,0,0,1,15,7,1,6,8,0,6.3,3,20.0,6.7,2011,7
4,CHE,1,5,4,1,3,0,1,19,14,4,3,3,0,4.9,9,47.4,26.3,2011,7
5,EVE,1,0,0,0,0,0,0,12,3,0,4,3,0,7.8,3,25.0,0.0,2011,7
6,FUL,1,6,6,0,5,1,1,22,13,5,1,7,0,4.3,9,40.9,27.3,2011,7
7,LIV,1,2,2,0,2,0,0,16,9,4,7,4,2,5.9,6,37.5,12.5,2011,7
8,MCI,1,4,3,1,0,0,2,19,14,1,5,5,1,4.9,7,36.8,21.1,2011,7
9,MUN,1,2,2,0,1,0,1,20,10,2,6,8,0,4.7,4,20.0,10.0,2011,7
10,NEW,1,2,2,0,1,0,1,13,11,2,1,3,0,7.4,5,38.5,15.4,2011,7
11,NOR,1,0,0,0,0,0,0,17,8,1,4,5,0,5.5,3,17.6,0.0,2011,7
12,QPR,1,0,0,0,0,0,0,17,4,0,2,5,0,5.5,5,29.4,0.0,2011,7
13,STK,1,0,0,0,0,0,0,11,4,0,6,3,1,8.7,2,18.2,0.0,2011,7
14,SUN,1,2,2,0,0,0,0,14,8,1,3,1,0,6.6,7,50.0,14.3,2011,7
15,SWA,1,2,1,1,2,1,0,11,3,2,5,4,0,8.7,3,27.3,18.2,2011,7
16,TOT,1,2,1,1,0,0,0,18,12,4,6,4,0,5.3,6,33.3,11.1,2011,7
17,WBA,1,2,2,0,1,0,1,9,3,1,5,3,0,10.3,3,33.3,22.2,2011,7
18,WIG,1,0,0,0,0,0,0,15,7,0,3,5,0,6.3,4,26.7,0.0,2011,7
19,WOL,1,1,1,0,0,0,0,28,20,1,6,8,0,3.4,7,25.0,3.6,2011,7
0,ARS,1,2,1,1,0,0,1,21,13,0,9,7,1,4.5,5,23.8,9.5,2011,8
1,AVL,1,1,1,0,1,0,0,10,7,2,2,4,0,9.3,3,30.0,10.0,2011,8
2,BLA,1,1,1,0,0,0,1,12,8,0,6,5,0,7.8,5,41.7,8.3,2011,8
3,BOL,1,3,2,1,1,0,0,16,9,4,4,4,0,6.0,9,56.3,18.8,2011,8
4,CHE,1,3,3,0,3,0,1,7,3,3,2,0,0,13.4,5,71.4,42.9,2011,8
5,EVE,1,1,1,0,1,0,0,9,4,1,1,3,1,10.4,2,22.2,11.1,2011,8
6,FUL,1,0,0,0,0,0,0,7,2,0,0,3,1,13.6,1,14.3,0.0,2011,8
7,LIV,1,1,0,1,0,0,1,15,7,4,3,4,0,6.3,5,33.3,6.7,2011,8
8,MCI,1,4,3,1,1,0,2,14,8,2,2,2,0,6.6,8,57.1,28.6,2011,8
9,MUN,1,1,1,0,1,0,1,11,6,1,3,2,0,8.5,2,18.2,9.1,2011,8
10,NEW,1,2,2,0,1,0,0,14,7,2,5,2,0,6.9,6,42.9,14.3,2011,8
11,NOR,1,3,3,0,3,0,2,18,9,3,4,2,0,5.3,6,33.3,16.7,2011,8
12,QPR,1,1,1,0,0,0,1,13,6,0,5,3,0,7.2,3,23.1,7.7,2011,8
13,STK,1,2,2,0,2,0,2,17,9,5,7,7,1,5.6,3,17.6,11.8,2011,8
14,SUN,1,1,0,1,0,0,1,8,4,1,3,2,0,11.9,2,25.0,12.5,2011,8
15,SWA,1,1,1,0,0,0,0,12,4,0,1,2,0,8.0,3,25.0,8.3,2011,8
16,TOT,1,2,1,1,1,1,0,13,8,1,1,4,0,7.4,6,46.2,15.4,2011,8
17,WBA,1,2,2,0,1,0,0,18,9,1,0,5,0,5.3,7,38.9,11.1,2011,8
18,WIG,1,1,0,1,0,0,0,16,8,0,5,7,0,6.0,2,12.5,6.3,2011,8
19,WOL,1,0,0,0,0,0,0,19,16,2,7,7,0,5.1,7,36.8,0.0,2011,8
0,ARS,1,3,3,0,3,0,0,9,6,4,4,0,0,10.4,4,44.4,33.3,2011,9
1,AVL,1,1,1,0,1,1,0,8,4,2,2,2,0,11.8,1,12.5,12.5,2011,9
2,BLA,1,1,1,0,0,0,1,19,17,1,9,6,0,5.0,4,21.1,5.3,2011,9
3,BOL,1,0,0,0,0,0,0,14,5,0,4,3,0,6.8,6,42.9,0.0,2011,9
4,CHE,1,0,0,0,0,0,0,14,8,1,3,6,0,6.9,2,14.3,0.0,2011,9
5,EVE,1,3,1,2,1,0,1,12,5,3,5,3,0,7.8,5,41.7,25.0,2011,9
6,FUL,1,1,1,0,0,0,0,15,9,1,3,4,2,6.3,4,26.7,6.7,2011,9
7,LIV,1,1,1,0,0,0,0,29,21,2,7,8,1,3.3,9,31.0,3.4,2011,9
8,MCI,1,6,5,1,4,0,1,22,13,7,4,7,0,4.3,7,31.8,27.3,2011,9
9,MUN,1,1,0,1,0,0,0,11,5,0,4,4,0,8.5,4,36.4,9.1,2011,9
10,NEW,1,1,0,1,0,0,0,12,7,1,4,5,0,7.9,4,33.3,8.3,2011,9
11,NOR,1,1,1,0,1,0,0,12,5,2,1,4,0,7.9,7,58.3,8.3,2011,9
12,QPR,1,1,1,0,1,1,0,10,5,2,3,3,0,9.6,2,20.0,10.0,2011,9
13,STK,1,1,1,0,1,0,1,7,4,2,4,2,0,13.4,1,14.3,14.3,2011,9
14,SUN,1,2,2,0,0,0,1,19,12,0,8,7,0,5.0,4,21.1,10.5,2011,9
15,SWA,1,2,2,0,2,0,0,17,7,5,2,4,0,5.5,9,52.9,11.8,2011,9
16,TOT,1,2,1,1,1,0,0,9,5,3,1,1,0,10.6,6,66.7,22.2,2011,9
17,WBA,1,2,2,0,1,0,2,13,6,4,6,5,0,7.2,4,30.8,15.4,2011,9
18,WIG,1,0,0,0,0,0,0,14,6,0,2,3,0,6.8,2,14.3,0.0,2011,9
19,WOL,1,2,2,0,2,0,1,22,12,3,9,6,0,4.3,9,40.9,9.1,2011,9
0,ARS,1,5,5,0,2,0,1,13,12,4,3,1,0,7.3,7,53.8,38.5,2011,10
1,AVL,1,2,1,1,0,0,1,14,9,1,7,5,0,6.8,3,21.4,14.3,2011,10
2,BLA,1,3,2,1,1,0,1,11,5,2,3,4,0,8.7,3,27.3,27.3,2011,10
3,BOL,1,1,0,1,0,0,0,8,5,1,3,1,0,11.8,3,37.5,12.5,2011,10
4,CHE,1,3,2,1,1,0,1,14,7,2,5,3,0,6.8,6,42.9,21.4,2011,10
5,EVE,1,0,0,0,0,0,0,19,7,0,5,5,1,5.2,8,42.1,0.0,2011,10
6,FUL,1,2,1,1,1,0,0,6,4,1,0,1,1,16.0,3,50.0,33.3,2011,10
7,LIV,1,2,2,0,2,1,0,18,15,3,6,2,1,5.2,4,22.2,11.1,2011,10
8,MCI,1,3,1,2,2,0,0,19,8,3,2,2,0,5.1,7,36.8,15.8,2011,10
9,MUN,1,1,1,0,1,0,0,7,3,2,0,2,0,14.0,4,57.1,14.3,2011,10
10,NEW,1,3,3,0,3,1,0,8,5,3,2,0,0,12.0,3,37.5,37.5,2011,10
11,NOR,1,3,1,2,0,1,0,14,9,3,2,1,0,6.9,6,42.9,21.4,2011,10
12,QPR,1,1,1,0,1,0,1,14,6,1,3,6,0,6.7,2,14.3,7.1,2011,10
13,STK,1,1,1,0,1,1,0,12,11,1,7,3,0,8.0,3,25.0,8.3,2011,10
14,SUN,1,2,2,0,1,0,1,16,10,1,7,7,0,5.9,4,25.0,12.5,2011,10
15,SWA,1,3,3,0,2,1,1,23,13,6,4,10,2,4.1,7,30.4,13.0,2011,10
16,TOT,1,3,3,0,2,0,0,25,18,6,9,6,0,3.8,10,40.0,12.0,2011,10
17,WBA,1,0,0,0,0,0,0,12,3,0,4,7,0,7.8,1,8.3,0.0,2011,10
18,WIG,1,0,0,0,0,0,0,20,9,1,8,3,2,4.8,6,30.0,0.0,2011,10
19,WOL,1,1,1,0,1,1,0,13,5,1,2,2,0,7.4,4,30.8,7.7,2011,10
0,ARS,1,3,3,0,2,0,0,12,9,3,2,2,0,7.8,5,41.7,25.0,2011,11
1,AVL,1,3,3,0,3,0,0,16,12,4,5,4,0,5.9,5,31.3,18.8,2011,11
2,BLA,1,0,0,0,0,0,0,12,4,3,4,2,0,7.9,5,41.7,0.0,2011,11
3,BOL,1,5,3,2,2,0,2,22,9,3,10,9,0,4.3,9,40.9,22.7,2011,11
4,CHE,1,1,1,0,1,0,0,12,5,3,2,3,0,7.9,5,41.7,8.3,2011,11
5,EVE,1,1,1,0,1,0,1,15,9,2,2,3,1,6.3,4,26.7,6.7,2011,11
6,FUL,1,1,0,1,0,0,1,31,17,3,10,13,0,3.1,11,35.5,3.2,2011,11
7,LIV,1,0,0,0,0,0,0,25,15,1,9,8,1,3.8,5,20.0,0.0,2011,11
8,MCI,1,3,3,0,0,0,0,18,12,0,2,3,1,5.2,5,27.8,16.7,2011,11
9,MUN,1,1,0,1,0,0,1,13,8,1,8,4,0,7.2,5,38.5,7.7,2011,11
10,NEW,1,2,0,2,0,0,0,12,4,0,4,3,0,7.9,3,25.0,16.7,2011,11
11,NOR,1,2,1,1,1,0,1,11,7,1,4,3,0,8.6,7,63.6,18.2,2011,11
12,QPR,1,2,2,0,2,0,1,22,12,4,5,8,2,4.3,5,22.7,9.1,2011,11
13,STK,1,0,0,0,0,0,0,11,9,1,4,4,0,8.5,2,18.2,0.0,2011,11
14,SUN,1,0,0,0,0,0,0,9,3,0,0,2,0,10.4,1,11.1,0.0,2011,11
15,SWA,1,0,0,0,0,0,0,12,4,2,1,3,0,7.9,3,25.0,0.0,2011,11
16,TOT,1,3,2,1,0,0,1,9,3,0,3,3,0,10.7,4,44.4,33.3,2011,11
17,WBA,1,0,0,0,0,0,0,10,5,0,4,3,0,9.4,2,20.0,0.0,2011,11
18,WIG,1,1,1,0,1,0,1,17,8,5,2,3,0,5.6,7,41.2,5.9,2011,11
19,WOL,1,3,3,0,3,0,0,13,9,7,2,2,0,7.3,10,76.9,23.1,2011,11
0,ARS,1,2,2,0,2,0,0,20,18,6,1,6,1,4.7,9,45.0,10.0,2011,12
1,AVL,1,0,0,0,0,0,0,3,3,0,3,0,0,31.0,1,33.3,0.0,2011,12
2,BLA,1,3,3,0,3,1,1,9,4,4,5,1,1,11.1,3,33.3,33.3,2011,12
3,BOL,1,1,1,0,1,1,0,10,7,1,5,4,0,9.4,3,30.0,10.0,2011,12
4,CHE,1,1,1,0,1,0,0,19,12,1,5,2,0,4.9,3,15.8,5.3,2011,12
5,EVE,1,2,2,0,2,1,1,15,9,3,4,7,0,6.4,4,26.7,13.3,2011,12
6,FUL,1,0,0,0,0,0,0,15,8,2,5,7,0,6.3,3,20.0,0.0,2011,12
7,LIV,1,2,2,0,2,0,0,9,4,2,2,0,0,10.4,3,33.3,22.2,2011,12
8,MCI,1,3,3,0,2,2,0,14,9,2,1,7,0,6.8,5,35.7,21.4,2011,12
9,MUN,1,1,1,0,1,0,0,13,4,1,2,3,0,7.2,5,38.5,7.7,2011,12
10,NEW,1,1,1,0,1,0,0,9,8,3,3,1,1,10.6,4,44.4,11.1,2011,12
11,NOR,1,1,1,0,1,0,0,9,3,2,2,3,0,10.4,2,22.2,11.1,2011,12
12,QPR,1,3,3,0,1,0,1,8,5,1,2,2,1,12.0,5,62.5,37.5,2011,12
13,STK,1,2,2,0,1,0,1,19,15,4,10,4,0,5.1,4,21.1,10.5,2011,12
14,SUN,1,0,0,0,0,0,0,13,8,0,5,5,2,7.2,3,23.1,0.0,2011,12
15,SWA,1,0,0,0,0,0,0,10,5,1,1,5,0,9.4,1,10.0,0.0,2011,12
16,TOT,1,2,2,0,2,0,1,22,9,4,7,5,0,4.2,6,27.3,9.1,2011,12
17,WBA,1,2,2,0,1,0,0,16,12,1,3,3,0,5.9,6,37.5,12.5,2011,12
18,WIG,1,3,1,2,0,0,2,26,12,1,5,7,0,3.8,6,23.1,11.5,2011,12
19,WOL,1,1,1,0,1,1,0,5,1,1,1,1,0,19.2,1,20.0,20.0,2011,12
0,ARS,1,1,1,0,1,0,0,20,15,1,3,5,0,4.8,8,40.0,5.0,2011,13
1,AVL,1,0,0,0,0,0,0,12,7,0,4,5,0,7.8,2,16.7,0.0,2011,13
2,BLA,1,1,0,1,0,0,0,16,4,1,6,7,0,5.8,5,31.3,6.3,2011,13
3,BOL,1,0,0,0,0,0,0,8,2,0,2,5,0,11.8,3,37.5,0.0,2011,13
4,CHE,1,3,3,0,1,0,1,21,9,2,5,4,0,4.4,10,47.6,14.3,2011,13
5,EVE,1,2,2,0,1,0,0,19,12,3,3,6,0,4.9,9,47.4,10.5,2011,13
6,FUL,1,1,0,1,0,0,0,10,5,0,3,5,0,9.4,2,20.0,10.0,2011,13
7,LIV,1,1,0,1,0,0,0,17,13,1,4,2,0,5.5,6,35.3,5.9,2011,13
8,MCI,1,1,1,0,0,0,1,7,4,1,2,1,0,13.4,2,28.6,14.3,2011,13
9,MUN,1,1,1,0,0,0,1,28,23,1,14,10,1,3.4,6,21.4,3.6,2011,13
10,NEW,1,1,1,0,1,1,0,8,3,1,2,2,0,11.9,5,62.5,12.5,2011,13
11,NOR,1,2,2,0,0,0,1,17,9,1,9,4,0,5.5,4,23.5,11.8,2011,13
12,QPR,1,1,1,0,1,0,0,13,9,1,2,1,1,7.2,3,23.1,7.7,2011,13
13,STK,1,3,2,1,0,0,1,9,8,1,5,2,0,10.3,3,33.3,33.3,2011,13
14,SUN,1,1,1,0,1,0,0,19,11,4,5,3,0,5.0,9,47.4,5.3,2011,13
15,SWA,1,0,0,0,0,0,0,7,4,0,1,2,0,13.4,1,14.3,0.0,2011,13
16,TOT,1,3,2,1,2,0,0,26,16,4,7,6,0,3.6,11,42.3,11.5,2011,13
17,WBA,1,1,1,0,0,0,0,11,7,0,0,2,0,8.5,5,45.5,9.1,2011,13
18,WIG,1,2,2,0,2,1,0,12,6,2,1,3,0,7.9,4,33.3,16.7,2011,13
19,WOL,1,0,0,0,0,0,0,8,5,0,1,1,0,11.5,2,25.0,0.0,2011,13
0,ARS,1,4,3,1,2,0,1,16,12,3,4,2,0,5.8,7,43.8,25.0,2011,14
1,AVL,1,0,0,0,0,0,0,9,7,0,5,3,0,10.4,2,22.2,0.0,2011,14
2,BLA,1,4,4,0,4,1,2,15,9,4,8,4,0,6.3,5,33.3,26.7,2011,14
3,BOL,1,0,0,0,0,0,0,16,6,0,7,6,0,5.9,4,25.0,0.0,2011,14
4,CHE,1,3,3,0,0,0,1,22,15,4,3,5,1,4.3,9,40.9,13.6,2011,14
5,EVE,1,0,0,0,0,0,0,14,8,1,5,7,0,7.0,0,0.0,0.0,2011,14
6,FUL,1,1,1,0,1,0,1,19,7,2,3,5,1,5.1,8,42.1,5.3,2011,14
7,LIV,1,0,0,0,0,0,0,20,9,2,4,5,1,4.8,6,30.0,0.0,2011,14
8,MCI,1,5,4,1,2,0,2,26,18,6,5,10,0,3.6,10,38.5,19.2,2011,14
9,MUN,1,1,1,0,0,0,0,14,7,0,4,4,0,6.7,4,28.6,7.1,2011,14
10,NEW,1,0,0,0,0,0,0,16,8,0,2,7,2,5.9,2,12.5,0.0,2011,14
11,NOR,1,1,1,0,0,0,1,6,4,0,2,0,0,15.7,2,33.3,16.7,2011,14
12,QPR,1,1,1,0,0,0,0,11,3,1,0,1,0,8.5,2,18.2,9.1,2011,14
13,STK,1,1,1,0,0,0,1,6,3,1,5,2,0,16.3,2,33.3,16.7,2011,14
14,SUN,1,1,1,0,0,0,0,20,12,2,3,6,0,4.8,8,40.0,5.0,2011,14
15,SWA,1,2,2,0,2,0,0,10,7,3,1,2,0,9.4,3,30.0,20.0,2011,14
16,TOT,1,3,3,0,1,0,2,27,19,7,7,4,1,3.5,12,44.4,11.1,2011,14
17,WBA,1,1,1,0,1,0,0,16,5,1,5,5,0,5.9,5,31.3,6.3,2011,14
18,WIG,1,0,0,0,0,0,0,7,2,1,0,3,0,13.3,2,28.6,0.0,2011,14
19,WOL,1,2,2,0,2,0,0,17,9,4,6,9,0,5.6,5,29.4,11.8,2011,14
0,ARS,1,1,1,0,0,0,0,14,11,0,4,5,0,6.7,3,21.4,7.1,2011,15
1,AVL,1,2,1,1,1,0,0,15,11,5,4,4,0,6.4,5,33.3,13.3,2011,15
2,BLA,1,1,1,0,1,0,1,3,2,1,2,0,0,34.0,2,66.7,33.3,2011,15
3,BOL,1,1,1,0,0,0,1,17,10,1,7,7,0,5.6,7,41.2,5.9,2011,15
4,CHE,1,2,2,0,2,1,0,16,5,2,3,6,0,5.9,4,25.0,12.5,2011,15
5,EVE,1,0,0,0,0,0,0,10,7,0,3,1,0,9.4,0,0.0,0.0,2011,15
6,FUL,1,0,0,0,0,0,0,13,7,2,3,1,0,7.4,7,53.8,0.0,2011,15
7,LIV,1,1,1,0,1,0,1,25,17,5,9,10,1,3.8,8,32.0,4.0,2011,15
8,MCI,1,1,1,0,1,0,0,7,3,1,1,1,0,13.6,2,28.6,14.3,2011,15
9,MUN,1,4,2,2,1,0,0,20,8,2,2,5,0,4.7,13,65.0,20.0,2011,15
10,NEW,1,2,1,1,1,0,0,13,3,1,0,5,1,7.2,6,46.2,15.4,2011,15
11,NOR,1,4,4,0,0,0,3,14,8,0,7,7,0,6.7,5,35.7,28.6,2011,15
12,QPR,1,0,0,0,0,0,0,7,3,0,2,2,0,13.4,1,14.3,0.0,2011,15
13,STK,1,2,2,0,1,0,1,13,10,1,7,3,1,7.3,6,46.2,15.4,2011,15
14,SUN,1,2,0,2,0,0,1,23,6,1,4,8,0,4.4,5,21.7,8.7,2011,15
15,SWA,1,2,2,0,0,0,2,17,9,0,8,3,1,5.6,5,29.4,11.8,2011,15
16,TOT,1,1,1,0,1,1,0,19,8,1,5,7,0,5.1,8,42.1,5.3,2011,15
17,WBA,1,1,0,1,0,0,1,23,17,1,9,11,0,4.1,3,13.0,4.3,2011,15
18,WIG,1,2,2,0,0,1,0,10,2,0,1,3,0,9.5,4,40.0,20.0,2011,15
19,WOL,1,1,1,0,0,0,0,11,5,0,1,3,0,8.5,5,45.5,9.1,2011,15
0,ARS,1,0,0,0,0,0,0,14,6,0,6,5,0,6.7,6,42.9,0.0,2011,16
1,AVL,1,0,0,0,0,0,0,16,3,2,4,6,0,5.9,4,25.0,0.0,2011,16
2,BLA,1,1,1,0,1,0,0,16,8,1,4,6,0,5.9,6,37.5,6.3,2011,16
3,BOL,1,0,0,0,0,0,0,16,6,1,4,2,0,5.8,6,37.5,0.0,2011,16
4,CHE,1,1,1,0,0,0,0,12,6,0,1,3,0,7.9,2,16.7,8.3,2011,16
5,EVE,1,1,1,0,0,0,0,29,13,3,7,10,0,3.2,7,24.1,3.4,2011,16
6,FUL,1,2,2,0,1,0,0,23,16,4,6,10,0,4.0,4,17.4,8.7,2011,16
7,LIV,1,2,2,0,1,0,2,17,12,2,4,3,2,5.5,7,41.2,11.8,2011,16
8,MCI,1,1,1,0,1,0,0,15,11,6,1,4,1,6.3,6,40.0,6.7,2011,16
9,MUN,1,2,1,1,0,0,0,22,18,3,8,5,2,4.3,7,31.8,9.1,2011,16
10,NEW,1,0,0,0,0,0,0,22,13,0,10,5,2,4.3,3,13.6,0.0,2011,16
11,NOR,1,1,1,0,0,0,1,7,4,0,2,0,0,13.4,1,14.3,14.3,2011,16
12,QPR,1,0,0,0,0,0,0,11,7,1,2,1,0,8.5,2,18.2,0.0,2011,16
13,STK,1,2,1,1,1,0,1,10,5,2,4,0,0,9.6,4,40.0,20.0,2011,16
14,SUN,1,0,0,0,0,0,0,8,2,1,1,1,0,11.9,4,50.0,0.0,2011,16
15,SWA,1,0,0,0,0,0,0,3,1,0,0,0,0,31.7,0,0.0,0.0,2011,16
16,TOT,1,1,0,1,1,0,0,19,10,3,3,8,0,5.0,4,21.1,5.3,2011,16
17,WBA,1,2,0,2,0,0,1,14,8,1,3,4,0,6.7,4,28.6,14.3,2011,16
18,WIG,1,1,1,0,1,0,0,14,9,1,2,3,0,6.8,5,35.7,7.1,2011,16
19,WOL,1,1,1,0,1,1,0,11,6,1,2,4,0,8.7,3,27.3,9.1,2011,16
0,ARS,1,2,2,0,1,1,1,11,5,2,3,3,0,8.6,5,45.5,18.2,2011,17
1,AVL,1,1,1,0,1,0,0,9,3,2,6,1,0,10.6,3,33.3,11.1,2011,17
2,BLA,1,1,1,0,1,0,0,18,8,2,4,6,0,5.3,2,11.1,5.6,2011,17
3,BOL,1,2,2,0,0,0,0,8,6,1,2,4,0,11.9,2,25.0,25.0,2011,17
4,CHE,1,1,1,0,1,0,0,22,10,5,6,4,1,4.3,7,31.8,4.5,2011,17
5,EVE,1,1,1,0,0,0,1,15,10,2,9,4,0,6.3,4,26.7,6.7,2011,17
6,FUL,1,0,0,0,0,0,0,15,6,1,2,5,0,6.2,5,33.3,0.0,2011,17
7,LIV,1,0,0,0,0,0,0,21,10,2,8,4,0,4.5,9,42.9,0.0,2011,17
8,MCI,1,3,2,1,2,0,1,22,11,5,2,8,0,4.3,11,50.0,13.6,2011,17
9,MUN,1,5,4,1,2,0,1,18,11,3,2,7,0,5.2,8,44.4,27.8,2011,17
10,NEW,1,2,1,1,0,0,1,26,11,1,5,10,1,3.6,5,19.2,7.7,2011,17
11,NOR,1,2,2,0,1,0,0,19,11,1,1,5,0,4.9,9,47.4,10.5,2011,17
12,QPR,1,2,2,0,2,0,0,21,11,3,5,9,0,4.7,5,23.8,9.5,2011,17
13,STK,1,0,0,0,0,0,0,3,3,0,2,0,0,31.3,0,0.0,0.0,2011,17
14,SUN,1,3,3,0,1,0,2,19,9,3,10,8,1,5.2,6,31.6,15.8,2011,17
15,SWA,1,0,0,0,0,0,0,5,2,0,1,4,0,18.8,1,20.0,0.0,2011,17
16,TOT,1,1,1,0,1,0,0,16,12,3,5,8,0,5.9,3,18.8,6.3,2011,17
17,WBA,1,3,3,0,2,0,1,15,9,3,3,3,1,6.3,5,33.3,20.0,2011,17
18,WIG,1,0,0,0,0,0,0,19,7,0,4,8,0,5.0,6,31.6,0.0,2011,17
19,WOL,1,2,2,0,1,0,1,21,14,3,6,4,0,4.5,6,28.6,9.5,2011,17
0,ARS,1,1,1,0,1,0,0,27,18,4,11,10,0,3.6,10,37.0,3.7,2011,18
1,AVL,1,0,0,0,0,0,0,10,5,1,5,2,1,9.4,2,20.0,0.0,2011,18
2,BLA,1,1,0,1,0,0,1,6,4,0,1,1,0,16.0,1,16.7,16.7,2011,18
3,BOL,1,0,0,0,0,0,0,4,2,0,2,0,0,23.8,1,25.0,0.0,2011,18
4,CHE,1,1,1,0,0,0,0,25,15,1,6,3,0,3.8,12,48.0,4.0,2011,18
5,EVE,1,1,1,0,1,1,0,11,8,1,5,3,0,8.5,2,18.2,9.1,2011,18
6,FUL,1,1,1,0,1,0,0,9,6,2,2,1,0,10.4,5,55.6,11.1,2011,18
7,LIV,1,1,1,0,1,0,1,27,17,5,8,6,0,3.6,6,22.2,3.7,2011,18
8,MCI,1,0,0,0,0,0,0,17,7,2,5,5,1,5.5,4,23.5,0.0,2011,18
9,MUN,1,5,5,0,1,1,1,20,10,2,3,3,0,4.7,8,40.0,25.0,2011,18
10,NEW,1,2,2,0,0,0,0,11,7,0,4,3,0,8.6,5,45.5,18.2,2011,18
11,NOR,1,0,0,0,0,0,0,9,4,0,4,3,0,10.6,2,22.2,0.0,2011,18
12,QPR,1,1,1,0,1,0,0,14,8,1,5,4,0,6.7,4,28.6,7.1,2011,18
13,STK,1,0,0,0,0,0,0,10,9,0,9,4,0,9.4,0,0.0,0.0,2011,18
14,SUN,1,1,1,0,0,0,0,12,6,0,3,7,0,7.8,2,16.7,8.3,2011,18
15,SWA,1,1,1,1,0,0,0,8,5,0,4,3,0,11.8,2,25.0,12.5,2011,18
16,TOT,1,2,2,0,1,0,0,20,11,2,3,3,0,4.8,6,30.0,10.0,2011,18
17,WBA,1,0,0,0,0,0,0,8,2,1,5,2,1,11.6,1,12.5,0.0,2011,18
18,WIG,1,0,0,0,0,0,0,9,4,0,2,3,0,10.3,2,22.2,0.0,2011,18
19,WOL,1,1,1,0,1,0,1,6,3,1,2,3,0,16.2,1,16.7,16.7,2011,18
0,ARS,1,1,1,0,1,0,0,18,12,4,5,7,0,5.3,3,16.7,5.6,2011,19
1,AVL,1,3,3,0,3,0,0,10,8,6,2,2,0,9.4,6,60.0,30.0,2011,19
2,BLA,1,3,3,0,2,1,1,11,6,2,2,3,0,8.6,3,27.3,27.3,2011,19
3,BOL,1,1,0,1,0,0,0,13,7,0,4,1,0,7.2,8,61.5,7.7,2011,19
4,CHE,1,1,1,0,1,1,0,18,6,1,6,3,1,5.2,2,11.1,5.6,2011,19
5,EVE,1,1,1,0,0,0,0,15,11,0,7,6,0,6.3,4,26.7,6.7,2011,19
6,FUL,1,1,0,1,0,0,0,11,5,1,3,4,1,8.7,2,18.2,9.1,2011,19
7,LIV,1,3,2,1,2,0,1,16,7,2,2,3,1,5.9,4,25.0,18.8,2011,19
8,MCI,1,0,0,0,0,0,0,27,14,3,6,7,2,3.5,5,18.5,0.0,2011,19
9,MUN,1,2,2,0,1,0,0,27,15,2,5,9,0,3.5,5,18.5,7.4,2011,19
10,NEW,1,1,0,1,0,0,0,4,1,1,1,1,0,23.8,0,0.0,25.0,2011,19
11,NOR,1,1,1,0,1,0,0,20,11,2,6,8,1,4.8,4,20.0,5.0,2011,19
12,QPR,1,0,0,0,0,0,0,8,2,0,2,1,0,11.9,4,50.0,0.0,2011,19
13,STK,1,2,2,0,1,1,0,13,9,2,6,2,1,7.4,2,15.4,15.4,2011,19
14,SUN,1,1,1,0,1,0,0,8,3,3,2,2,0,11.9,3,37.5,12.5,2011,19
15,SWA,1,1,1,0,1,0,0,13,8,2,3,4,0,7.2,3,23.1,7.7,2011,19
16,TOT,1,1,1,0,1,0,0,10,5,2,2,0,0,9.4,5,50.0,10.0,2011,19
17,WBA,1,0,0,0,0,0,0,13,8,2,1,3,0,7.3,0,0.0,0.0,2011,19
18,WIG,1,2,2,0,1,1,0,11,3,2,1,2,0,8.8,6,54.5,18.2,2011,19
19,WOL,1,1,1,0,1,0,1,9,4,1,3,1,1,10.4,2,22.2,11.1,2011,19
0,ARS,1,1,1,0,1,0,0,19,11,3,2,4,0,4.9,9,47.4,5.3,2011,20
1,AVL,1,0,0,0,0,0,0,11,10,1,7,3,1,8.7,1,9.1,0.0,2011,20
2,BLA,1,1,1,0,1,0,1,17,13,4,11,5,1,5.6,5,29.4,5.9,2011,20
3,BOL,1,2,2,0,0,0,1,15,12,0,7,5,0,6.3,7,46.7,13.3,2011,20
4,CHE,1,2,2,0,1,0,1,17,10,2,5,4,0,5.5,7,41.2,11.8,2011,20
5,EVE,2,1,0,1,0,0,0,23,15,3,5,6,1,8.2,3,13.0,4.3,2011,20
6,FUL,1,2,2,0,1,0,1,22,11,4,7,4,0,4.3,5,22.7,9.1,2011,20
7,LIV,1,0,0,0,0,0,0,16,7,2,3,3,0,5.9,6,37.5,0.0,2011,20
8,MCI,1,3,2,1,1,1,1,11,5,1,3,3,1,8.6,6,54.5,27.3,2011,20
9,MUN,1,0,0,0,0,0,0,6,2,1,2,3,1,15.8,2,33.3,0.0,2011,20
10,NEW,1,3,1,2,0,0,3,10,4,1,4,1,0,9.5,5,50.0,30.0,2011,20
11,NOR,1,2,1,1,0,0,0,15,7,0,3,2,0,6.3,5,33.3,13.3,2011,20
12,QPR,1,1,1,0,0,0,0,8,2,0,2,3,0,11.8,3,37.5,12.5,2011,20
13,STK,1,2,2,0,2,0,0,9,5,2,0,1,0,10.6,3,33.3,22.2,2011,20
14,SUN,1,4,2,2,2,0,1,11,7,4,2,3,0,8.5,6,54.5,36.4,2011,20
15,SWA,1,2,2,0,1,0,0,9,7,3,0,0,1,10.7,5,55.6,22.2,2011,20
16,TOT,2,3,2,1,0,0,0,36,15,2,4,15,0,5.3,9,25.0,8.3,2011,20
17,WBA,1,0,0,0,0,0,0,8,4,0,2,3,0,12.0,1,12.5,0.0,2011,20
18,WIG,1,1,0,1,0,0,0,23,7,1,4,7,2,4.1,4,17.4,4.3,2011,20
19,WOL,1,1,1,0,0,0,0,9,7,2,4,1,1,10.4,4,44.4,11.1,2011,20
0,ARS,1,2,2,0,1,0,0,18,13,3,3,5,0,5.3,7,38.9,11.1,2011,21
1,AVL,1,1,1,0,1,0,0,16,10,1,10,4,0,5.9,7,43.8,6.3,2011,21
2,BLA,1,3,2,1,1,0,1,14,8,1,1,4,0,6.7,6,42.9,21.4,2011,21
3,BOL,1,0,0,0,0,0,0,10,6,0,2,5,0,9.3,0,0.0,0.0,2011,21
4,CHE,1,1,1,0,1,0,0,25,12,1,9,6,1,3.8,7,28.0,4.0,2011,21
5,EVE,1,1,1,0,1,0,0,8,6,4,5,2,0,11.9,4,50.0,12.5,2011,21
6,FUL,1,1,1,0,0,0,0,18,8,0,4,3,1,5.2,5,27.8,5.6,2011,21
7,LIV,1,0,0,0,0,0,0,15,7,2,4,5,0,6.3,1,6.7,0.0,2011,21
8,MCI,1,1,1,0,0,0,1,14,11,3,2,3,0,6.8,6,42.9,7.1,2011,21
9,MUN,1,3,2,1,2,0,0,23,16,5,4,5,0,4.0,7,30.4,13.0,2011,21
10,NEW,1,1,1,0,1,0,0,11,5,1,2,5,0,8.5,1,9.1,9.1,2011,21
11,NOR,1,2,2,0,1,0,0,8,7,1,3,2,0,11.9,3,37.5,25.0,2011,21
12,QPR,1,0,0,0,0,0,0,15,5,0,0,4,2,6.3,6,40.0,0.0,2011,21
13,STK,1,0,0,0,0,0,0,3,0,0,0,0,0,31.7,1,33.3,0.0,2011,21
14,SUN,1,0,0,0,0,0,0,9,6,3,1,1,0,10.4,3,33.3,0.0,2011,21
15,SWA,1,3,3,0,2,1,0,10,4,2,2,2,0,9.5,4,40.0,30.0,2011,21
16,TOT,1,1,0,1,0,0,0,28,10,2,5,8,0,3.4,7,25.0,3.6,2011,21
17,WBA,1,1,1,0,1,1,0,19,11,3,5,3,0,5.0,6,31.6,5.3,2011,21
18,WIG,1,0,0,0,0,0,0,7,2,1,1,2,0,13.6,2,28.6,0.0,2011,21
19,WOL,1,1,1,0,1,0,1,5,5,1,2,0,0,19.2,3,60.0,20.0,2011,21
0,ARS,1,1,1,0,0,0,0,14,7,1,0,4,0,6.9,3,21.4,7.1,2011,22
1,AVL,1,3,1,2,1,1,0,13,4,2,3,3,0,7.6,4,30.8,23.1,2011,22
2,BLA,1,1,1,0,0,0,1,16,8,1,3,7,1,5.9,3,18.8,6.3,2011,22
3,BOL,1,3,3,0,1,0,1,16,7,1,6,3,0,5.8,5,31.3,18.8,2011,22
4,CHE,1,0,0,0,0,0,0,20,10,1,4,3,0,4.7,6,30.0,0.0,2011,22
5,EVE,1,1,1,0,1,0,1,16,13,2,9,4,1,5.9,5,31.3,6.3,2011,22
6,FUL,1,5,5,0,5,2,0,12,8,5,3,0,0,8.0,9,75.0,41.7,2011,22
7,LIV,1,1,1,0,1,0,0,11,7,2,1,3,1,8.5,5,45.5,9.1,2011,22
8,MCI,1,3,3,0,3,1,1,16,12,4,4,7,0,6.0,4,25.0,18.8,2011,22
9,MUN,1,2,2,0,2,0,0,9,9,4,1,1,0,10.7,5,55.6,22.2,2011,22
10,NEW,1,2,1,1,0,0,0,17,5,1,3,3,0,5.6,8,47.1,11.8,2011,22
11,NOR,1,0,0,0,0,0,0,6,3,0,1,1,0,15.7,2,33.3,0.0,2011,22
12,QPR,1,3,1,2,1,1,1,19,6,2,3,5,0,4.9,7,36.8,15.8,2011,22
13,STK,1,1,1,0,0,0,1,12,6,1,5,4,0,7.8,2,16.7,8.3,2011,22
14,SUN,1,2,1,1,0,0,0,15,9,1,2,6,1,6.3,3,20.0,13.3,2011,22
15,SWA,1,0,0,0,0,0,0,16,5,2,2,6,0,5.9,3,18.8,0.0,2011,22
16,TOT,1,2,1,1,1,0,0,14,3,2,3,5,0,6.9,3,21.4,14.3,2011,22
17,WBA,1,2,0,2,0,0,1,16,5,1,1,2,1,5.9,5,31.3,12.5,2011,22
18,WIG,1,1,0,1,0,0,1,9,3,1,3,3,0,10.4,2,22.2,11.1,2011,22
19,WOL,1,2,2,0,1,0,1,14,11,2,6,6,0,7.1,5,35.7,14.3,2011,22
0,ARS,1,0,0,0,0,0,0,16,13,4,3,4,2,5.9,3,18.8,0.0,2011,23
1,AVL,1,2,2,0,2,0,0,26,18,2,9,9,1,3.7,11,42.3,7.7,2011,23
2,BLA,1,0,0,0,0,0,0,26,14,9,8,9,0,3.7,4,15.4,0.0,2011,23
3,BOL,1,0,0,0,0,0,0,12,6,1,2,4,0,7.8,3,25.0,0.0,2011,23
4,CHE,1,1,0,1,0,0,0,19,9,0,6,6,0,5.0,4,21.1,5.3,2011,23
5,EVE,1,1,1,0,0,0,0,11,7,1,2,4,0,8.6,2,18.2,9.1,2011,23
6,FUL,1,1,1,0,0,0,0,15,5,1,3,4,0,6.3,4,26.7,6.7,2011,23
7,LIV,1,3,2,1,1,0,1,24,13,1,7,3,0,3.9,13,54.2,12.5,2011,23
8,MCI,1,0,0,0,0,0,0,21,12,0,4,10,1,4.5,3,14.3,0.0,2011,23
9,MUN,1,2,2,0,2,2,0,12,7,3,3,8,0,7.8,2,16.7,16.7,2011,23
10,NEW,1,2,1,1,1,0,0,9,6,1,2,3,0,10.6,3,33.3,22.2,2011,23
11,NOR,1,0,0,0,0,0,0,14,6,0,5,4,0,6.7,2,14.3,0.0,2011,23
12,QPR,1,2,1,1,0,0,0,4,2,1,0,1,0,23.8,3,75.0,50.0,2011,23
13,STK,1,0,0,0,0,0,0,9,1,0,1,2,0,10.4,2,22.2,0.0,2011,23
14,SUN,1,3,1,2,1,0,0,12,5,2,2,4,0,7.8,5,41.7,25.0,2011,23
15,SWA,1,1,1,0,0,0,1,8,5,1,3,3,0,11.9,3,37.5,12.5,2011,23
16,TOT,1,3,2,1,1,0,0,20,12,2,3,4,0,4.8,9,45.0,15.0,2011,23
17,WBA,1,1,1,0,0,0,0,14,7,0,1,4,0,6.7,5,35.7,7.1,2011,23
18,WIG,1,1,1,0,0,0,0,9,3,1,0,2,0,10.6,3,33.3,11.1,2011,23
19,WOL,1,0,0,0,0,0,0,6,3,0,2,1,1,15.7,1,16.7,0.0,2011,23
0,ARS,1,7,5,2,3,0,1,19,12,5,6,3,1,5.0,7,36.8,36.8,2011,24
1,AVL,1,1,1,0,1,0,0,14,7,4,4,2,0,6.7,7,50.0,7.1,2011,24
2,BLA,1,1,0,1,0,0,1,5,1,0,3,2,0,19.0,2,40.0,20.0,2011,24
3,BOL,1,0,0,0,0,0,0,13,4,1,4,7,1,7.2,2,15.4,0.0,2011,24
4,CHE,1,3,2,1,0,0,1,20,7,1,4,3,0,4.8,8,40.0,15.0,2011,24
5,EVE,1,1,1,0,0,0,1,10,4,0,5,1,0,9.4,4,40.0,10.0,2011,24
6,FUL,1,0,0,0,0,0,0,13,4,0,3,3,0,7.3,5,38.5,0.0,2011,24
7,LIV,1,0,0,0,0,0,0,17,6,1,5,7,0,5.6,4,23.5,0.0,2011,24
8,MCI,1,3,2,1,2,1,0,16,10,2,2,7,0,5.9,4,25.0,18.8,2011,24
9,MUN,1,3,3,0,3,2,0,16,7,3,3,3,0,5.9,9,56.3,18.8,2011,24
10,NEW,1,2,2,0,1,0,0,18,12,2,2,8,0,5.2,3,16.7,11.1,2011,24
11,NOR,1,2,2,0,1,0,1,24,19,3,8,4,1,3.9,6,25.0,8.3,2011,24
12,QPR,1,1,1,0,1,0,0,13,3,1,1,2,0,7.3,6,46.2,7.7,2011,24
13,STK,1,0,0,0,0,0,0,9,3,0,2,3,0,10.4,3,33.3,0.0,2011,24
14,SUN,1,1,1,0,1,0,0,6,4,2,2,2,0,15.7,1,16.7,16.7,2011,24
15,SWA,1,2,2,0,2,0,0,16,9,4,3,7,0,5.9,2,12.5,12.5,2011,24
16,TOT,1,0,0,0,0,0,0,10,5,1,3,3,0,9.5,3,30.0,0.0,2011,24
17,WBA,1,1,1,0,0,0,1,21,14,1,7,4,0,4.5,6,28.6,4.8,2011,24
18,WIG,1,1,0,1,0,0,0,10,5,0,5,6,0,9.5,2,20.0,10.0,2011,24
19,WOL,1,2,2,0,0,0,0,13,5,0,2,0,1,7.3,5,38.5,15.4,2011,24
0,ARS,1,2,1,1,1,0,0,14,6,1,3,6,0,6.9,4,28.6,14.3,2011,25
1,AVL,1,0,0,0,0,0,0,9,5,2,4,3,0,10.8,3,33.3,0.0,2011,25
2,BLA,1,3,2,1,0,0,2,8,4,0,3,3,1,11.9,2,25.0,37.5,2011,25
3,BOL,1,1,0,1,0,0,0,13,7,0,4,4,0,7.3,4,30.8,7.7,2011,25
4,CHE,1,0,0,0,0,0,0,14,8,0,3,9,0,6.8,4,28.6,0.0,2011,25
5,EVE,1,2,2,0,2,0,0,9,4,3,1,3,0,10.6,4,44.4,22.2,2011,25
6,FUL,1,2,1,1,0,0,0,10,5,1,3,2,1,9.6,3,30.0,20.0,2011,25
7,LIV,1,1,1,0,1,0,1,10,4,2,3,3,0,9.4,3,30.0,10.0,2011,25
8,MCI,1,1,1,0,1,0,1,18,10,2,6,3,1,5.4,7,38.9,5.6,2011,25
9,MUN,1,2,2,0,2,0,1,11,10,4,2,0,0,8.6,6,54.5,18.2,2011,25
10,NEW,1,0,0,0,0,0,0,8,5,2,1,2,0,11.6,2,25.0,0.0,2011,25
11,NOR,1,3,3,0,1,0,1,16,10,4,7,1,0,6.0,9,56.3,18.8,2011,25
12,QPR,1,2,2,0,1,0,0,29,15,2,4,12,0,3.3,7,24.1,6.9,2011,25
13,STK,1,1,1,0,0,0,1,13,8,1,4,3,0,7.4,2,15.4,7.7,2011,25
14,SUN,1,1,1,0,0,0,0,10,5,0,3,3,0,9.6,3,30.0,10.0,2011,25
15,SWA,1,2,2,0,2,1,0,17,11,3,6,7,1,5.6,4,23.5,11.8,2011,25
16,TOT,1,5,5,0,4,0,0,18,11,5,1,2,0,5.2,7,38.9,27.8,2011,25
17,WBA,1,5,3,2,2,0,2,29,19,4,7,5,1,3.2,13,44.8,17.2,2011,25
18,WIG,1,2,2,0,1,0,1,13,9,2,4,2,0,7.3,6,46.2,15.4,2011,25
19,WOL,1,1,1,0,0,0,0,12,5,0,4,7,0,7.8,4,33.3,8.3,2011,25
0,ARS,1,5,4,1,3,0,0,23,15,5,6,7,1,4.1,8,34.8,21.7,2011,26
1,AVL,1,0,0,0,0,0,0,10,5,3,5,1,0,9.8,3,30.0,0.0,2011,26
2,BLA,1,0,0,0,0,0,0,5,1,0,3,4,0,18.8,1,20.0,0.0,2011,26
3,BOL,1,0,0,0,0,0,0,11,4,0,1,4,0,8.5,1,9.1,0.0,2011,26
4,CHE,1,3,3,0,0,0,1,26,13,0,10,4,2,3.6,13,50.0,11.5,2011,26
5,FUL,1,1,1,0,1,0,0,8,6,1,2,2,0,11.9,2,25.0,12.5,2011,26
6,MCI,1,3,3,0,3,0,1,28,21,5,6,7,0,3.4,9,32.1,10.7,2011,26
7,MUN,1,2,2,0,1,0,0,11,8,5,1,3,1,8.6,6,54.5,18.2,2011,26
8,NEW,1,2,1,1,1,0,1,15,6,1,1,5,0,6.5,5,33.3,13.3,2011,26
9,NOR,1,1,1,0,0,0,0,16,10,2,3,3,0,5.9,5,31.3,6.3,2011,26
10,QPR,1,0,0,0,0,0,0,17,6,2,4,2,0,5.6,7,41.2,0.0,2011,26
11,STK,1,2,2,0,1,0,2,9,8,1,6,4,0,10.4,2,22.2,22.2,2011,26
12,SUN,1,0,0,0,0,0,0,10,2,1,1,2,0,9.4,3,30.0,0.0,2011,26
13,SWA,1,0,0,0,0,0,0,9,4,2,2,2,0,10.4,2,22.2,0.0,2011,26
14,TOT,1,2,2,0,1,1,0,11,6,1,2,0,0,8.5,5,45.5,18.2,2011,26
15,WBA,1,4,4,0,1,0,0,20,13,3,6,4,1,4.7,10,50.0,20.0,2011,26
16,WIG,1,0,0,0,0,0,0,18,9,1,6,6,0,5.4,2,11.1,0.0,2011,26
17,WOL,1,2,1,1,1,0,1,10,4,1,2,5,0,9.7,4,40.0,20.0,2011,26
0,ARS,1,2,2,0,2,0,0,10,7,2,0,0,0,9.9,7,70.0,20.0,2011,27
1,AVL,1,1,1,0,1,0,0,16,7,4,0,7,0,5.9,5,31.3,6.3,2011,27
2,BLA,1,1,1,0,1,0,0,15,5,2,3,4,0,6.3,4,26.7,6.7,2011,27
3,BOL,1,0,0,0,0,0,0,8,6,0,2,0,0,11.6,5,62.5,0.0,2011,27
4,CHE,1,0,0,0,0,0,0,13,6,3,4,5,0,7.3,2,15.4,0.0,2011,27
5,EVE,1,1,0,1,0,0,0,9,5,0,4,2,1,10.6,2,22.2,11.1,2011,27
6,FUL,1,5,5,0,3,0,1,27,16,5,7,8,1,3.4,12,44.4,18.5,2011,27
7,LIV,1,1,0,1,0,0,0,12,10,4,2,0,2,8.3,4,33.3,8.3,2011,27
8,MCI,1,2,1,1,1,0,0,24,16,7,3,4,0,3.9,8,33.3,8.3,2011,27
9,MUN,1,3,2,1,2,0,2,6,4,2,3,0,0,15.7,5,83.3,50.0,2011,27
10,NEW,1,1,1,0,1,0,0,30,16,2,19,11,1,3.2,5,16.7,3.3,2011,27
11,NOR,1,0,0,0,0,0,0,8,2,0,3,3,0,11.8,3,37.5,0.0,2011,27
12,QPR,1,1,1,0,1,0,1,22,12,4,12,5,2,4.3,5,22.7,4.5,2011,27
13,STK,1,1,1,0,0,0,0,12,9,2,1,2,0,7.8,4,33.3,8.3,2011,27
14,SUN,1,1,1,0,1,1,0,8,3,3,2,3,0,12.0,4,50.0,12.5,2011,27
15,SWA,1,2,0,2,0,0,1,12,6,1,3,3,0,8.0,5,41.7,16.7,2011,27
16,TOT,1,1,0,1,0,0,0,18,9,1,7,4,1,5.2,6,33.3,5.6,2011,27
17,WBA,1,1,1,0,1,0,1,25,13,2,9,7,0,3.8,7,28.0,4.0,2011,27
18,WIG,1,0,0,0,0,0,0,16,9,1,4,6,0,6.0,2,12.5,0.0,2011,27
19,WOL,1,0,0,0,0,0,0,13,8,0,3,7,0,7.2,1,7.7,0.0,2011,27
0,ARS,1,2,2,0,2,0,0,23,16,7,7,8,0,4.3,7,30.4,8.7,2011,28
1,AVL,1,1,1,0,1,0,0,16,9,2,6,2,1,5.9,6,37.5,6.3,2011,28
2,BLA,1,2,1,1,0,0,1,14,9,1,5,5,0,6.7,5,35.7,14.3,2011,28
3,BOL,1,2,2,0,2,0,1,12,9,2,7,3,0,7.9,3,25.0,16.7,2011,28
4,CHE,1,1,1,0,1,0,0,23,7,1,6,5,3,4.1,8,34.8,4.3,2011,28
5,EVE,2,1,1,0,0,0,0,17,8,1,2,6,0,11.2,6,35.3,5.9,2011,28
6,FUL,1,0,0,0,0,0,0,7,3,0,1,2,1,13.4,1,14.3,0.0,2011,28
7,LIV,2,3,3,0,1,0,0,26,16,4,3,4,0,7.3,12,46.2,11.5,2011,28
8,MCI,1,0,0,0,0,0,0,22,15,0,10,9,0,4.3,6,27.3,0.0,2011,28
9,MUN,1,2,2,0,2,1,0,23,18,6,3,5,1,4.1,8,34.8,8.7,2011,28
10,NEW,1,1,1,0,0,0,0,4,3,0,1,2,0,24.8,2,50.0,25.0,2011,28
11,NOR,1,1,1,0,0,0,1,14,8,0,4,5,0,6.9,2,14.3,7.1,2011,28
12,QPR,1,1,1,0,1,0,0,20,12,2,5,8,1,4.8,4,20.0,5.0,2011,28
13,STK,1,0,0,0,0,0,0,8,3,0,2,3,0,11.8,0,0.0,0.0,2011,28
14,SUN,1,1,1,0,1,0,0,7,3,2,3,0,1,13.6,2,28.6,14.3,2011,28
15,SWA,1,1,1,0,1,0,0,12,7,2,3,2,0,7.9,5,41.7,8.3,2011,28
16,TOT,1,0,0,0,0,0,0,24,15,1,12,7,1,4.0,5,20.8,0.0,2011,28
17,WBA,1,0,0,0,0,0,0,7,4,1,2,1,0,13.4,3,42.9,0.0,2011,28
18,WIG,1,1,1,0,1,0,0,20,14,4,3,2,0,4.8,7,35.0,5.0,2011,28
19,WOL,1,0,0,0,0,0,0,14,10,2,1,4,0,6.7,3,21.4,0.0,2011,28
0,ARS,1,1,1,0,1,0,1,14,10,3,5,5,1,6.7,4,28.6,7.1,2011,29
1,BLA,1,2,2,0,2,0,1,16,9,4,8,4,0,5.9,5,31.3,12.5,2011,29
2,CHE,1,1,1,0,0,0,1,7,4,0,1,3,0,13.6,2,28.6,14.3,2011,29
3,EVE,1,0,0,0,0,0,0,7,4,1,4,2,0,13.4,1,14.3,0.0,2011,29
4,FUL,1,0,0,0,0,0,0,16,5,0,5,4,1,5.9,5,31.3,0.0,2011,29
5,LIV,1,2,2,0,1,0,1,19,14,2,8,5,1,4.9,7,36.8,10.5,2011,29
6,MCI,1,2,2,0,2,1,0,21,11,3,4,7,1,4.5,5,23.8,9.5,2011,29
7,MUN,1,5,5,0,4,0,2,22,10,6,5,9,0,4.2,9,40.9,22.7,2011,29
8,NEW,1,1,1,0,0,0,0,14,8,2,1,2,0,6.7,6,42.9,7.1,2011,29
9,NOR,1,0,0,0,0,0,0,11,6,2,2,2,0,8.5,4,36.4,0.0,2011,29
10,QPR,1,3,3,0,2,0,1,11,4,2,2,2,0,8.5,5,45.5,27.3,2011,29
11,STK,1,1,1,0,1,0,1,10,8,2,4,2,0,9.6,2,20.0,10.0,2011,29
12,SUN,1,0,0,0,0,0,0,3,2,1,2,0,0,31.3,1,33.3,0.0,2011,29
13,SWA,1,3,2,1,1,0,0,10,7,1,0,2,0,9.4,5,50.0,30.0,2011,29
14,TOT,1,1,1,0,1,0,0,26,9,1,8,12,1,3.7,7,26.9,3.8,2011,29
15,WBA,1,1,1,0,1,0,1,10,7,1,4,3,0,9.5,1,10.0,10.0,2011,29
16,WIG,1,1,1,0,1,0,0,21,15,6,7,2,1,4.5,5,23.8,4.8,2011,29
17,WOL,1,0,0,0,0,0,0,7,4,1,3,0,0,13.3,3,42.9,0.0,2011,29
0,ARS,1,3,2,1,1,0,1,19,13,3,6,5,0,5.0,7,36.8,15.8,2011,30
1,AVL,1,0,0,0,0,0,0,3,2,0,1,2,0,31.7,0,0.0,0.0,2011,30
2,BLA,1,1,1,0,0,0,1,11,10,0,7,2,0,8.6,3,27.3,9.1,2011,30
3,BOL,1,2,2,0,2,0,2,17,13,4,6,4,0,5.6,4,23.5,11.8,2011,30
4,CHE,1,0,0,0,0,0,0,9,4,0,4,4,1,10.7,2,22.2,0.0,2011,30
5,EVE,1,2,1,1,1,0,1,15,8,5,3,3,0,6.3,5,33.3,13.3,2011,30
6,FUL,1,0,0,0,0,0,0,7,3,0,0,4,0,13.4,2,28.6,0.0,2011,30
7,LIV,1,1,1,0,1,0,0,19,8,1,3,8,0,5.1,5,26.3,5.3,2011,30
8,MCI,1,1,0,1,0,0,0,16,9,2,1,5,0,6.0,6,37.5,6.3,2011,30
9,MUN,1,1,1,0,1,0,1,21,14,4,3,9,0,4.5,8,38.1,4.8,2011,30
10,NEW,1,3,3,0,2,0,1,11,4,3,2,1,0,8.9,7,63.6,27.3,2011,30
11,NOR,1,2,2,0,2,1,0,14,8,2,3,7,0,6.8,3,21.4,14.3,2011,30
12,QPR,1,1,0,1,0,0,1,11,3,0,4,5,0,8.6,1,9.1,9.1,2011,30
13,STK,1,1,0,1,0,0,0,11,5,1,5,2,0,8.7,2,18.2,9.1,2011,30
14,SUN,1,3,3,0,1,0,0,17,14,1,5,5,2,5.6,4,23.5,17.6,2011,30
15,SWA,1,0,0,0,0,0,0,11,4,0,2,3,0,8.6,1,9.1,0.0,2011,30
16,TOT,1,0,0,0,0,0,0,20,12,5,6,6,1,4.8,3,15.0,0.0,2011,30
17,WBA,1,1,1,0,1,0,0,17,10,1,6,6,0,5.8,2,11.8,5.9,2011,30
18,WIG,1,2,2,0,1,1,1,8,4,3,1,4,0,12.0,2,25.0,25.0,2011,30
19,WOL,1,1,1,0,0,0,0,13,7,0,5,6,0,7.3,2,15.4,7.7,2011,30
0,ARS,1,1,1,0,1,0,0,13,5,2,6,2,1,7.4,6,46.2,7.7,2011,31
1,AVL,1,2,2,0,1,0,1,9,8,1,5,0,0,10.6,5,55.6,22.2,2011,31
2,BLA,1,0,0,0,0,0,0,11,4,0,4,2,0,8.5,4,36.4,0.0,2011,31
3,BOL,1,3,3,0,2,1,0,20,16,6,2,4,1,4.8,7,35.0,15.0,2011,31
4,CHE,1,4,4,0,3,0,2,13,9,4,3,4,1,7.3,6,46.2,30.8,2011,31
5,EVE,1,2,0,2,0,0,0,17,8,1,2,4,0,5.5,7,41.2,11.8,2011,31
6,FUL,1,2,2,0,2,0,0,15,12,3,3,4,1,6.4,7,46.7,13.3,2011,31
7,LIV,1,0,0,0,0,0,0,9,5,1,3,5,0,10.6,1,11.1,0.0,2011,31
8,MCI,1,3,2,1,1,1,0,26,14,2,10,11,0,3.7,7,26.9,11.5,2011,31
9,MUN,1,2,1,1,0,0,0,13,7,1,4,3,0,7.2,5,38.5,15.4,2011,31
10,NEW,2,4,4,0,3,0,0,15,10,3,4,4,1,12.5,6,40.0,26.7,2011,31
11,NOR,1,1,1,0,0,0,0,16,9,0,5,4,0,6.0,4,25.0,6.3,2011,31
12,QPR,1,2,2,0,0,0,0,11,7,0,3,2,0,8.7,6,54.5,18.2,2011,31
13,STK,1,0,0,0,0,0,0,5,4,0,2,0,0,19.0,1,20.0,0.0,2011,31
14,SUN,1,3,2,1,1,0,0,9,5,2,1,2,0,10.6,3,33.3,33.3,2011,31
15,SWA,2,1,0,1,0,0,0,30,12,0,9,10,0,6.2,10,33.3,3.3,2011,31
16,TOT,1,3,2,1,2,0,1,20,13,2,5,2,0,4.7,9,45.0,15.0,2011,31
17,WBA,1,0,0,0,0,0,0,9,4,1,0,4,0,10.4,2,22.2,0.0,2011,31
18,WIG,1,2,2,0,1,0,1,14,9,4,5,5,0,6.8,6,42.9,14.3,2011,31
19,WOL,1,2,1,1,0,0,0,16,11,2,4,4,1,6.0,5,31.3,12.5,2011,31
0,ARS,1,1,0,1,0,0,0,13,10,5,3,4,1,7.4,3,23.1,7.7,2011,32
1,AVL,1,1,1,0,0,0,0,5,3,1,2,1,0,19.2,2,40.0,20.0,2011,32
2,BLA,1,0,0,0,0,0,0,16,7,3,2,4,0,5.9,7,43.8,0.0,2011,32
3,BOL,1,0,0,0,0,0,0,12,8,0,3,4,0,7.8,1,8.3,0.0,2011,32
4,CHE,1,2,2,0,1,0,1,20,15,2,3,4,1,4.8,7,35.0,10.0,2011,32
5,EVE,1,2,2,0,0,0,1,10,7,1,2,3,0,9.5,5,50.0,20.0,2011,32
6,FUL,1,3,2,1,2,0,1,11,7,4,1,2,0,8.5,6,54.5,27.3,2011,32
7,LIV,1,1,1,0,1,0,1,24,17,2,7,2,3,4.0,5,20.8,4.2,2011,32
8,MCI,1,0,0,0,0,0,0,6,4,1,4,3,0,16.0,0,0.0,0.0,2011,32
9,MUN,1,2,1,1,1,1,1,27,14,4,6,5,1,3.5,10,37.0,7.4,2011,32
10,NOR,1,2,2,0,1,0,0,15,6,1,4,6,0,6.3,6,40.0,13.3,2011,32
11,QPR,1,0,0,0,0,0,0,9,2,0,2,7,0,10.3,0,0.0,0.0,2011,32
12,STK,1,2,2,0,0,0,2,13,9,2,6,2,0,7.2,4,30.8,15.4,2011,32
13,SUN,1,0,0,0,0,0,0,12,10,0,4,5,0,8.0,3,25.0,0.0,2011,32
14,TOT,1,0,0,0,0,0,0,16,6,2,2,7,0,6.0,1,6.3,0.0,2011,32
15,WBA,1,3,2,1,2,0,3,13,7,3,9,3,0,7.2,5,38.5,23.1,2011,32
16,WIG,1,1,0,1,0,0,0,11,4,1,3,3,0,8.7,3,27.3,9.1,2011,32
17,WOL,1,1,0,1,0,0,0,12,5,1,4,5,0,7.8,4,33.3,8.3,2011,32
0,ARS,1,3,2,1,2,1,0,12,11,3,0,3,0,7.8,7,58.3,25.0,2011,33
1,AVL,1,1,0,1,0,0,0,7,4,0,2,0,0,13.7,3,42.9,14.3,2011,33
2,BLA,1,2,2,0,2,1,1,15,8,3,5,4,0,6.4,6,40.0,13.3,2011,33
3,BOL,1,0,0,0,0,0,0,9,5,2,2,3,0,10.3,3,33.3,0.0,2011,33
4,CHE,1,1,1,0,1,1,0,15,6,2,4,4,0,6.3,3,20.0,6.7,2011,33
5,EVE,1,4,3,1,0,0,1,22,11,0,5,8,0,4.3,5,22.7,18.2,2011,33
6,FUL,1,1,1,0,0,0,1,10,6,1,4,2,0,9.4,7,70.0,10.0,2011,33
7,LIV,1,3,3,0,3,0,1,16,7,3,5,6,0,6.0,5,31.3,18.8,2011,33
8,MCI,1,4,3,1,3,0,0,19,12,4,1,9,0,4.9,5,26.3,21.1,2011,33
9,MUN,1,0,0,0,0,0,0,9,3,1,2,2,0,10.7,1,11.1,0.0,2011,33
10,NEW,1,2,2,0,2,0,0,8,2,2,2,3,0,11.6,3,37.5,25.0,2011,33
11,NOR,1,2,1,1,1,0,0,12,6,2,5,2,0,8.0,4,33.3,16.7,2011,33
12,QPR,1,3,1,2,0,0,1,18,9,1,5,4,0,5.2,6,33.3,16.7,2011,33
13,STK,1,1,1,0,1,0,1,8,8,1,5,1,0,12.0,2,25.0,12.5,2011,33
14,SUN,1,0,0,0,0,0,0,3,2,0,1,0,0,31.3,0,0.0,0.0,2011,33
15,SWA,1,0,0,0,0,0,0,11,8,1,5,6,0,8.5,2,18.2,0.0,2011,33
16,TOT,1,1,1,0,1,0,0,15,9,5,5,7,1,6.4,3,20.0,6.7,2011,33
17,WBA,1,0,0,0,0,0,0,5,3,0,1,1,0,18.6,1,20.0,0.0,2011,33
18,WIG,1,1,0,1,0,0,1,13,5,0,4,7,0,7.4,3,23.1,7.7,2011,33
19,WOL,1,0,0,0,0,0,0,10,7,1,1,4,0,9.4,2,20.0,0.0,2011,33
0,ARS,1,1,1,0,1,0,0,23,15,3,8,9,0,4.2,4,17.4,4.3,2011,34
1,AVL,1,0,0,0,0,0,0,12,7,0,4,2,0,7.9,2,16.7,0.0,2011,34
2,BLA,1,0,0,0,0,0,0,8,5,0,4,0,1,11.6,2,25.0,0.0,2011,34
3,MCI,1,6,4,2,3,0,0,23,16,4,4,7,2,4.1,11,47.8,26.1,2011,34
4,MUN,1,4,4,0,3,1,0,29,23,6,10,11,0,3.3,9,31.0,13.8,2011,34
5,NOR,1,1,1,0,0,0,0,16,8,2,3,6,0,5.9,5,31.3,6.3,2011,34
6,QPR,1,0,0,0,0,0,0,18,11,0,6,3,0,5.3,2,11.1,0.0,2011,34
7,SUN,1,0,0,0,0,0,0,15,12,3,3,2,0,6.2,3,20.0,0.0,2011,34
8,SWA,1,3,2,1,0,0,0,22,13,1,5,4,1,4.2,8,36.4,13.6,2011,34
9,WBA,1,1,0,1,0,0,1,15,8,1,4,5,2,6.3,5,33.3,6.7,2011,34
10,WIG,1,2,2,0,2,0,0,15,10,4,3,4,0,6.4,7,46.7,13.3,2011,34
11,WOL,1,0,0,0,0,0,0,11,6,0,0,2,0,8.5,5,45.5,0.0,2011,34
0,ARS,1,0,0,0,0,0,0,13,9,2,5,3,2,7.3,4,30.8,0.0,2011,35
1,AVL,2,1,1,0,1,0,0,31,17,1,9,7,1,6.1,8,25.8,3.2,2011,35
2,BLA,1,2,1,1,1,0,0,8,5,2,3,2,1,11.9,3,37.5,25.0,2011,35
3,BOL,2,3,3,0,3,1,0,25,14,3,6,12,0,7.6,8,32.0,12.0,2011,35
4,CHE,1,0,0,0,0,0,0,14,10,1,8,7,0,6.8,2,14.3,0.0,2011,35
5,EVE,1,4,4,0,1,0,0,17,11,1,1,3,0,5.6,7,41.2,23.5,2011,35
6,FUL,1,2,1,1,0,0,1,14,8,2,4,4,2,6.8,4,28.6,14.3,2011,35
7,LIV,1,0,0,0,0,0,0,30,18,3,8,10,1,3.2,4,13.3,0.0,2011,35
8,MCI,1,2,2,0,2,0,1,17,12,5,2,4,0,5.5,5,29.4,11.8,2011,35
9,MUN,1,4,3,1,3,0,0,24,14,4,8,7,1,4.0,7,29.2,16.7,2011,35
10,NEW,1,3,2,1,2,0,0,17,9,3,4,3,1,5.5,9,52.9,17.6,2011,35
11,NOR,1,0,0,0,0,0,0,13,9,0,4,1,0,7.3,3,23.1,0.0,2011,35
12,QPR,1,1,0,1,0,0,1,12,5,0,3,2,0,8.0,3,25.0,8.3,2011,35
13,STK,1,0,0,0,0,0,0,8,4,1,3,2,0,11.6,0,0.0,0.0,2011,35
14,SUN,1,0,0,0,0,0,0,13,8,3,2,5,0,7.2,2,15.4,0.0,2011,35
15,SWA,1,1,0,1,0,0,0,26,16,1,4,13,1,3.7,4,15.4,3.8,2011,35
16,TOT,1,0,0,0,0,0,0,20,9,2,8,7,0,4.8,6,30.0,0.0,2011,35
17,WBA,1,1,1,0,1,0,0,9,4,2,2,2,0,10.7,3,33.3,11.1,2011,35
18,WIG,1,1,0,1,0,0,0,10,5,0,2,1,0,9.5,4,40.0,10.0,2011,35
19,WOL,1,0,0,0,0,0,0,6,2,0,3,1,0,15.5,3,50.0,0.0,2011,35
0,ARS,1,1,1,0,1,0,0,17,9,4,4,5,0,5.6,5,29.4,5.9,2011,36
1,AVL,1,0,0,0,0,0,0,12,11,4,3,4,0,7.9,3,25.0,0.0,2011,36
2,BLA,1,0,0,0,0,0,0,0,0,0,0,0,0,0.0,0,0.0,0.0,2011,36
3,BOL,2,3,3,0,3,0,1,31,21,5,12,6,0,6.1,11,35.5,9.7,2011,36
4,CHE,2,6,5,1,5,0,1,48,24,5,12,15,0,4.1,15,31.3,12.5,2011,36
5,EVE,2,5,4,1,2,1,2,23,15,4,10,4,1,8.2,11,47.8,21.7,2011,36
6,FUL,2,1,0,1,0,0,0,16,8,1,2,5,1,11.8,6,37.5,6.3,2011,36
7,LIV,2,3,2,1,0,0,0,37,24,4,5,7,1,5.1,8,21.6,8.1,2011,36
8,MCI,1,1,1,0,0,0,1,15,11,1,4,5,0,6.4,3,20.0,6.7,2011,36
9,MUN,1,0,0,0,0,0,0,5,4,0,2,3,0,19.2,0,0.0,0.0,2011,36
10,NEW,2,2,1,1,0,0,1,24,11,1,10,2,3,8.2,6,25.0,8.3,2011,36
11,NOR,1,0,0,0,0,0,0,9,4,0,2,2,0,10.3,1,11.1,0.0,2011,36
12,QPR,1,1,1,0,0,0,0,13,4,0,2,5,0,7.2,2,15.4,7.7,2011,36
13,STK,2,2,2,0,0,0,0,16,12,0,8,4,0,11.9,5,31.3,12.5,2011,36
14,SUN,1,2,1,1,1,0,1,12,6,1,3,3,0,7.9,3,25.0,16.7,2011,36
15,SWA,1,4,3,1,1,0,0,11,8,2,0,2,1,8.5,7,63.6,36.4,2011,36
16,TOT,2,6,4,2,3,0,2,33,18,6,6,7,2,5.7,11,33.3,18.2,2011,36
17,WBA,1,0,0,0,0,0,0,20,14,3,5,12,0,4.8,2,10.0,0.0,2011,36
18,WIG,1,4,3,1,1,0,0,10,7,1,1,2,0,9.4,6,60.0,40.0,2011,36
19,WOL,1,4,4,0,2,0,0,17,12,3,4,3,0,5.5,6,35.3,23.5,2011,36
0,ARS,1,3,3,0,2,0,0,23,21,9,6,5,0,4.1,11,47.8,13.0,2011,37
1,AVL,1,1,0,1,0,0,0,4,2,1,1,2,0,24.3,1,25.0,25.0,2011,37
2,BLA,1,0,0,0,0,0,0,12,3,1,3,4,0,7.8,2,16.7,0.0,2011,37
3,BOL,1,2,1,1,1,1,0,15,8,3,2,4,0,6.5,5,33.3,13.3,2011,37
4,CHE,1,1,1,0,0,0,1,11,6,1,6,4,2,8.5,2,18.2,9.1,2011,37
5,EVE,1,0,0,0,0,0,0,21,13,2,3,8,0,4.5,4,19.0,0.0,2011,37
6,FUL,1,2,0,2,0,0,1,22,14,1,10,9,0,4.2,7,31.8,9.1,2011,37
7,LIV,1,4,1,3,3,0,1,23,12,9,7,6,2,4.1,6,26.1,17.4,2011,37
8,MCI,1,2,1,1,1,0,0,21,12,5,5,6,0,4.4,7,33.3,9.5,2011,37
9,MUN,1,2,2,0,0,0,0,28,18,3,8,12,0,3.4,7,25.0,7.1,2011,37
10,NEW,1,0,0,0,0,0,0,15,8,1,3,7,0,6.2,3,20.0,0.0,2011,37
11,NOR,1,3,3,0,2,0,0,13,11,4,1,3,0,7.3,4,30.8,23.1,2011,37
12,QPR,1,1,1,0,1,0,1,22,9,1,8,8,0,4.3,6,27.3,4.5,2011,37
13,STK,1,0,0,0,0,0,0,8,6,2,3,1,0,11.9,0,0.0,0.0,2011,37
14,SUN,1,1,0,1,0,0,0,13,6,1,4,2,0,7.2,6,46.2,7.7,2011,37
15,SWA,1,0,0,0,0,0,0,13,4,0,2,3,0,7.2,6,46.2,0.0,2011,37
16,TOT,1,1,1,0,1,1,0,22,10,2,4,8,0,4.4,4,18.2,4.5,2011,37
17,WBA,1,2,2,0,1,0,0,19,15,2,5,4,0,5.1,10,52.6,10.5,2011,37
18,WIG,1,1,1,0,0,0,1,20,13,1,5,4,0,4.7,6,30.0,5.0,2011,37
19,WOL,1,0,0,0,0,0,0,9,5,0,3,2,0,10.4,0,0.0,0.0,2011,37
0,ARS,1,3,2,1,1,0,1,13,9,1,2,6,0,7.4,3,23.1,23.1,2011,38
1,AVL,1,0,0,0,0,0,0,10,5,1,4,0,0,9.3,5,50.0,0.0,2011,38
2,BLA,1,1,1,0,1,0,1,10,3,1,4,2,0,9.4,4,40.0,10.0,2011,38
3,BOL,1,2,1,1,0,0,0,20,8,0,5,6,1,4.8,4,20.0,10.0,2011,38
4,CHE,1,2,1,1,0,0,0,19,9,2,2,2,1,4.9,4,21.1,10.5,2011,38
5,EVE,1,3,2,1,2,0,1,17,9,4,6,1,2,5.6,10,58.8,17.6,2011,38
6,FUL,1,0,0,0,0,0,0,11,3,0,2,2,1,8.5,5,45.5,0.0,2011,38
7,LIV,1,0,0,0,0,0,0,13,7,1,5,3,0,7.2,5,38.5,0.0,2011,38
8,MCI,1,3,3,0,2,0,1,44,27,5,17,19,0,2.2,15,34.1,6.8,2011,38
9,MUN,1,1,1,0,1,0,0,21,13,4,8,5,3,4.5,7,33.3,4.8,2011,38
10,NEW,1,1,0,1,0,0,0,11,6,1,0,3,0,8.6,3,27.3,9.1,2011,38
11,NOR,1,2,2,0,2,0,1,23,12,4,7,3,0,4.0,8,34.8,8.7,2011,38
12,QPR,1,2,2,0,1,0,0,3,2,1,1,0,0,32.0,3,100.0,66.7,2011,38
13,STK,1,2,2,0,2,1,0,17,11,5,3,4,0,5.6,7,41.2,11.8,2011,38
14,SUN,1,0,0,0,0,0,0,8,3,0,2,4,0,11.8,2,25.0,0.0,2011,38
15,SWA,1,1,1,0,0,0,0,13,9,1,6,5,0,7.2,4,30.8,7.7,2011,38
16,TOT,1,2,2,0,2,0,0,17,10,4,4,4,0,5.5,6,35.3,11.8,2011,38
17,WBA,1,2,0,2,1,0,0,13,6,1,3,5,0,7.4,5,38.5,15.4,2011,38
18,WIG,1,3,2,1,0,0,1,14,9,1,5,2,1,6.7,8,57.1,21.4,2011,38
19,WOL,1,2,2,0,1,0,0,9,7,2,2,3,0,10.4,4,44.4,22.2,2011,38
