,Team,xG Expected GoalsG,xG Expected GoalsOP,xG Expected GoalsxG Open Play,xG Expected GoalsSP,xG Expected GoalsxG Set Play,xG Expected GoalsxG,xG Expected GoalsΔ,xG Expected GoalsMins/ xG,xA Expected AssistsA,xA Expected AssistsxA,xA Expected AssistsΔ,xA Expected AssistsMins/ xA,Goals ConcededGC,Goals ConcededxGC,Goals ConcededΔ,Goals ConcededMins/ xGC,Goals ConcededMins/ xGC On Target,Goals ConcededxGC OP,Goals ConcededxGC SP,Season,GW ID
0,ARS,0,0,0.44,0,0.04,0.48,-0.48,197.9,0,0.57,-0.57,166.7,2,1.71,0.29,55.6,35.2,1.1,0.6,2018,1
1,BOU,2,1,1.22,1,0.2,2.2,-0.2,43.6,2,1.1,0.9,87.3,0,1.59,-1.59,60.4,96.0,0.5,1.1,2018,1
2,BHA,0,0,0.22,0,0.09,0.31,-0.31,303.2,0,0.23,-0.23,408.7,2,1.22,0.78,77.0,134.3,0.7,0.5,2018,1
3,BUR,0,0,0.96,0,0.45,1.41,-1.41,68.1,0,0.61,-0.61,157.4,0,1.1,-1.1,87.3,137.1,0.8,0.3,2018,1
4,CAR,0,0,0.47,0,1.11,1.59,-1.59,60.4,0,1.24,-1.24,77.4,2,2.2,-0.2,43.6,40.0,1.2,0.2,2018,1
5,CHE,3,2,0.59,0,0.56,1.94,1.06,48.5,2,0.51,1.49,184.3,0,0.28,-0.28,335.7,inf,0.1,0.2,2018,1
6,CRY,2,2,0.92,0,0.06,0.98,1.02,98.0,2,0.72,1.28,133.3,0,0.68,-0.68,141.2,240.0,0.5,0.2,2018,1
7,EVE,2,1,0.3,1,0.69,0.99,1.01,96.0,2,0.64,1.36,148.4,2,0.99,1.01,96.0,55.9,0.9,0.1,2018,1
8,FUL,0,0,0.47,0,0.21,0.68,-0.68,141.2,0,0.72,-0.72,133.3,2,0.98,1.02,98.0,60.0,0.9,0.1,2018,1
9,HUD,0,0,0.09,0,0.18,0.28,-0.28,335.7,0,0.39,-0.39,241.0,3,1.94,1.06,48.5,36.2,0.6,0.6,2018,1
10,LEI,1,1,1.62,0,0.14,1.76,-0.76,54.0,0,0.98,-0.98,96.9,2,1.51,0.49,62.9,39.6,0.7,0.0,2018,1
11,LIV,4,3,3.02,1,1.03,4.04,-0.04,23.3,3,3.39,-0.39,27.7,0,0.67,-0.67,140.3,inf,0.2,0.5,2018,1
12,MCI,2,2,1.12,0,0.59,1.71,0.29,55.6,2,0.39,1.61,243.6,0,0.48,-0.48,197.9,950.0,0.4,0.0,2018,1
13,MUN,2,1,0.72,0,0.0,1.51,0.49,62.9,1,0.3,0.7,316.7,1,1.76,-0.76,54.0,67.9,1.6,0.1,2018,1
14,NEW,1,1,0.78,0,0.2,0.98,0.02,98.0,1,0.87,0.13,110.3,2,2.06,-0.06,46.6,38.4,1.4,0.7,2018,1
15,SOU,0,0,0.82,0,0.28,1.1,-1.1,87.3,0,0.67,-0.67,143.3,0,1.41,-1.41,68.1,64.0,1.0,0.4,2018,1
16,TOT,2,1,1.39,1,0.67,2.06,-0.06,46.6,2,0.88,1.12,109.1,1,0.98,0.02,98.0,120.0,0.8,0.2,2018,1
17,WAT,2,1,0.68,1,0.54,1.22,0.78,77.0,2,0.71,1.29,132.4,0,0.31,-0.31,303.2,inf,0.2,0.1,2018,1
18,WHU,0,0,0.2,0,0.47,0.67,-0.67,140.3,0,0.81,-0.81,116.0,4,4.04,-0.04,23.3,21.4,3.0,1.0,2018,1
19,WOL,2,1,0.87,1,0.12,0.99,1.01,96.0,1,0.62,0.38,153.2,2,0.99,1.01,96.0,55.9,0.3,0.7,2018,1
0,ARS,2,2,2.39,0,0.0,2.39,-0.39,39.3,1,1.4,-0.4,67.1,3,1.62,1.38,58.0,33.6,1.5,0.1,2018,2
1,BOU,2,1,1.09,1,0.27,1.36,0.64,70.6,2,1.1,0.9,87.3,1,1.18,-0.18,81.4,60.0,0.4,0.0,2018,2
2,BHA,3,1,0.67,1,0.2,1.66,1.34,57.8,2,0.73,1.27,131.5,2,1.39,0.61,69.1,73.8,0.2,0.4,2018,2
3,BUR,1,0,0.16,1,0.43,0.59,0.41,161.0,1,0.58,0.42,163.8,3,1.48,1.52,64.2,55.9,1.5,0.0,2018,2
4,CAR,0,0,0.59,0,0.31,0.9,-0.9,107.8,0,0.99,-0.99,98.0,0,1.61,-1.61,60.2,74.6,0.4,0.4,2018,2
5,CHE,3,3,1.52,0,0.1,1.62,1.38,58.0,3,1.39,1.61,67.6,2,2.39,-0.39,39.3,42.7,2.4,0.0,2018,2
6,CRY,0,0,0.34,0,0.07,0.41,-0.41,231.7,0,0.36,-0.36,263.9,2,2.6,-0.6,36.5,38.0,1.6,0.2,2018,2
7,EVE,2,1,1.07,1,0.44,1.51,0.49,63.6,2,1.38,0.62,69.6,1,1.76,-0.76,54.5,60.0,1.1,0.6,2018,2
8,FUL,1,1,1.58,0,0.0,1.58,-0.58,59.5,1,1.44,-0.44,65.3,3,2.89,0.11,32.5,34.8,2.7,0.2,2018,2
9,HUD,1,0,0.11,1,0.56,0.67,0.33,138.8,1,0.4,0.6,232.5,6,4.34,1.66,21.4,15.8,4.1,0.2,2018,2
10,LEI,2,2,0.17,0,0.05,0.22,1.78,440.9,1,0.24,0.76,404.2,0,1.11,-1.11,87.4,242.5,1.1,0.0,2018,2
11,LIV,2,0,1.62,0,0.19,2.6,-0.6,36.5,1,1.27,-0.27,74.8,0,0.41,-0.41,231.7,237.5,0.3,0.1,2018,2
12,MCI,6,5,4.09,1,0.25,4.34,1.66,21.4,2,1.67,0.33,55.7,1,0.67,0.33,138.8,186.0,0.1,0.6,2018,2
13,MUN,2,0,0.2,1,0.4,1.39,0.61,69.1,0,0.4,-0.4,240.0,3,1.66,1.34,57.8,45.7,0.7,0.2,2018,2
14,NEW,0,0,0.41,0,0.41,1.61,-1.61,60.2,0,0.26,-0.26,373.1,0,0.9,-0.9,107.8,inf,0.6,0.3,2018,2
15,SOU,1,0,1.15,1,0.61,1.76,-0.76,54.5,1,0.52,0.48,184.6,2,1.51,0.49,63.6,106.7,1.1,0.4,2018,2
16,TOT,3,1,2.73,1,0.16,2.89,0.11,32.5,1,1.71,-0.71,55.0,1,1.58,-0.58,59.5,67.1,1.6,0.0,2018,2
17,WAT,3,3,1.45,0,0.03,1.48,1.52,64.2,2,0.82,1.18,115.9,1,0.59,0.41,161.0,86.4,0.2,0.4,2018,2
18,WHU,1,0,0.37,0,0.02,1.18,-0.18,81.4,0,0.72,-0.72,133.3,2,1.36,0.64,70.6,60.0,1.1,0.3,2018,2
19,WOL,0,0,1.11,0,0.0,1.11,-1.11,87.4,0,0.48,-0.48,202.1,2,0.22,1.78,440.9,323.3,0.2,0.1,2018,2
0,ARS,3,3,1.61,0,0.19,1.8,1.2,52.8,2,1.44,0.56,66.0,1,1.08,-0.08,88.0,67.9,1.0,0.1,2018,3
1,BOU,2,0,0.91,1,0.49,2.18,-0.18,47.2,0,0.98,-0.98,105.1,2,0.64,1.36,160.9,257.5,0.4,0.3,2018,3
2,BHA,0,0,0.51,0,0.08,0.59,-0.59,159.3,0,0.45,-0.45,208.9,1,1.63,-0.63,57.7,58.8,1.2,0.4,2018,3
3,BUR,2,1,0.83,1,0.65,1.48,0.52,64.9,1,0.5,0.5,192.0,4,1.32,2.68,72.7,33.1,1.1,0.3,2018,3
4,CAR,0,0,0.66,0,0.24,0.9,-0.9,104.4,0,0.91,-0.91,103.3,0,0.21,-0.21,447.6,470.0,0.1,0.1,2018,3
5,CHE,2,0,0.51,1,0.2,1.49,0.51,64.4,0,1.63,-1.63,58.9,1,0.23,0.77,417.4,160.0,0.2,0.1,2018,3
6,CRY,1,1,0.87,0,0.16,1.02,-0.02,95.1,1,0.63,0.37,154.0,2,1.16,0.84,83.6,48.5,1.1,0.1,2018,3
7,EVE,2,1,0.36,1,0.28,0.64,1.36,160.9,2,0.6,1.4,171.7,2,2.18,-0.18,47.2,64.4,0.9,0.5,2018,3
8,FUL,4,3,1.06,1,0.26,1.32,2.68,72.7,3,1.37,1.63,70.1,2,1.48,0.52,64.9,60.0,0.8,0.7,2018,3
9,HUD,0,0,0.1,0,0.11,0.21,-0.21,447.6,0,0.19,-0.19,494.7,0,0.9,-0.9,104.4,313.3,0.7,0.2,2018,3
10,LEI,2,2,0.6,0,0.06,0.65,1.35,147.7,1,0.3,0.7,320.0,1,0.51,0.49,188.2,120.0,0.3,0.2,2018,3
11,LIV,1,1,1.21,0,0.42,1.63,-0.63,57.7,1,1.45,-0.45,64.8,0,0.59,-0.59,159.3,156.7,0.5,0.1,2018,3
12,MCI,1,0,1.04,1,0.57,1.61,-0.61,59.6,1,1.54,-0.54,62.3,1,1.15,-0.15,83.5,80.0,0.6,0.5,2018,3
13,MUN,0,0,1.27,0,0.22,1.49,-1.49,64.4,0,0.86,-0.86,111.6,3,1.3,1.7,73.8,40.0,1.1,0.2,2018,3
14,NEW,1,1,0.17,0,0.06,0.23,0.77,417.4,1,0.28,0.72,342.9,2,1.49,0.51,64.4,64.0,0.5,0.2,2018,3
15,SOU,1,1,0.31,0,0.2,0.51,0.49,188.2,0,1.06,-1.06,90.6,2,0.65,1.35,147.7,96.0,0.6,0.1,2018,3
16,TOT,3,1,1.14,1,0.16,1.3,1.7,73.8,3,0.81,2.19,118.5,0,1.49,-1.49,64.4,106.7,1.3,0.2,2018,3
17,WAT,2,2,1.11,0,0.06,1.16,0.84,83.6,2,0.53,1.47,183.0,1,1.02,-0.02,95.1,97.0,0.9,0.2,2018,3
18,WHU,1,1,0.99,0,0.09,1.08,-0.08,88.0,1,1.21,-0.21,78.5,3,1.8,1.2,52.8,36.5,1.6,0.2,2018,3
19,WOL,1,0,0.6,1,0.55,1.15,-0.15,83.5,1,0.56,0.44,171.4,1,1.61,-0.61,59.6,60.0,1.0,0.6,2018,3
0,ARS,3,2,0.92,1,0.77,1.69,1.31,56.2,3,0.96,2.04,99.0,2,1.01,0.99,94.1,316.7,0.4,0.6,2018,4
1,BOU,0,0,0.37,0,0.52,0.89,-0.89,106.7,0,0.43,-0.43,220.9,2,1.11,0.89,85.6,135.7,0.9,0.2,2018,4
2,BHA,2,1,1.05,0,0.31,2.93,-0.93,32.8,1,0.83,0.17,115.7,2,1.65,0.35,58.2,35.6,1.6,0.0,2018,4
3,BUR,0,0,0.2,0,0.63,0.83,-0.83,114.5,0,0.98,-0.98,96.9,2,2.57,-0.57,37.0,30.6,1.6,0.2,2018,4
4,CAR,2,1,0.43,1,0.58,1.01,0.99,94.1,2,1.02,0.98,93.1,3,1.69,1.31,56.2,45.2,0.9,0.8,2018,4
5,CHE,2,2,0.89,0,0.22,1.11,0.89,85.6,2,1.12,0.88,84.8,0,0.89,-0.89,106.7,inf,0.4,0.5,2018,4
6,CRY,0,0,2.26,0,0.12,2.38,-2.38,40.8,0,1.28,-1.28,75.8,2,3.1,-1.1,31.3,57.1,2.3,0.0,2018,4
7,EVE,1,1,0.49,0,0.36,0.85,0.15,114.1,1,1.11,-0.11,87.4,1,0.43,0.57,225.6,74.6,0.2,0.2,2018,4
8,FUL,2,2,1.6,0,0.05,1.65,0.35,58.2,1,0.69,0.31,139.1,2,2.93,-0.93,32.8,34.3,1.1,0.3,2018,4
9,HUD,1,0,0.18,1,0.24,0.43,0.57,225.6,0,0.26,-0.26,373.1,1,0.85,0.15,114.1,323.3,0.5,0.4,2018,4
10,LEI,1,1,0.98,0,0.06,1.05,-0.05,91.4,1,1.33,-0.33,72.2,2,1.05,0.95,91.4,120.0,0.8,0.3,2018,4
11,LIV,2,1,0.78,1,0.27,1.05,0.95,91.4,2,0.57,1.43,168.4,1,1.05,-0.05,91.4,48.0,1.0,0.1,2018,4
12,MCI,2,2,1.48,0,0.48,1.97,0.03,47.7,2,1.54,0.46,61.0,1,0.49,0.51,191.8,134.3,0.5,0.0,2018,4
13,MUN,2,2,1.61,0,0.17,2.57,-0.57,37.0,1,1.61,-0.61,59.0,0,0.83,-0.83,114.5,316.7,0.2,0.6,2018,4
14,NEW,1,1,0.49,0,0.0,0.49,0.51,191.8,1,0.35,0.65,268.6,2,1.97,0.03,47.7,40.9,1.5,0.5,2018,4
15,SOU,2,1,2.3,0,0.02,3.1,-1.1,31.3,2,0.67,1.33,144.8,0,2.38,-2.38,40.8,53.9,2.3,0.1,2018,4
16,TOT,1,1,0.47,0,0.16,0.63,0.37,152.4,0,1.02,-1.02,94.1,2,0.45,1.55,213.3,106.7,0.2,0.3,2018,4
17,WAT,2,0,0.19,2,0.26,0.45,1.55,213.3,2,0.63,1.37,152.4,1,0.63,0.37,152.4,960.0,0.5,0.2,2018,4
18,WHU,0,0,0.95,0,0.14,1.09,-1.09,87.2,0,0.82,-0.82,115.9,1,1.05,-0.05,90.5,95.0,1.0,0.1,2018,4
19,WOL,1,1,0.97,0,0.08,1.05,-0.05,90.5,1,0.73,0.27,130.1,0,1.09,-1.09,87.2,118.8,0.9,0.1,2018,4
0,ARS,2,1,0.78,1,0.19,0.97,1.03,96.9,0,1.09,-1.09,86.2,1,0.39,0.61,241.0,235.0,0.3,0.0,2018,5
1,BOU,4,3,1.45,0,0.02,2.26,1.74,42.5,3,0.5,2.5,192.0,2,2.31,-0.31,41.6,35.6,1.1,0.4,2018,5
2,BHA,2,0,0.44,1,0.36,1.58,0.42,60.1,1,0.85,0.15,111.8,2,2.03,-0.03,46.8,52.8,0.5,0.7,2018,5
3,BUR,0,0,0.13,0,0.16,0.29,-0.29,327.6,0,0.24,-0.24,395.8,1,2.79,-1.79,34.1,55.9,2.7,0.1,2018,5
4,CAR,1,0,0.09,1,0.65,0.74,0.26,128.4,1,0.49,0.51,193.9,4,2.65,1.35,35.8,25.0,1.7,0.2,2018,5
5,CHE,4,3,1.68,0,0.18,2.65,1.35,35.8,2,1.19,0.81,79.8,1,0.74,0.26,128.4,158.3,0.1,0.7,2018,5
6,CRY,1,1,0.65,0,0.0,0.65,0.35,144.6,1,0.51,0.49,184.3,0,0.94,-0.94,100.0,940.0,0.7,0.2,2018,5
7,EVE,1,1,1.01,0,0.34,1.35,-0.35,71.1,1,0.92,0.08,104.3,3,1.25,1.75,76.8,53.3,1.2,0.1,2018,5
8,FUL,0,0,0.36,0,0.02,0.37,-0.37,254.1,0,0.3,-0.3,313.3,3,4.81,-1.81,19.5,19.6,4.6,0.2,2018,5
9,HUD,0,0,0.7,0,0.24,0.94,-0.94,100.0,0,0.75,-0.75,125.3,1,0.65,0.35,144.6,156.7,0.7,0.0,2018,5
10,LEI,2,0,1.1,0,0.43,2.31,-0.31,41.6,1,0.98,0.02,98.0,4,2.26,1.74,42.5,28.2,1.4,0.0,2018,5
11,LIV,2,1,2.25,1,0.32,2.58,-0.58,37.2,0,0.65,-0.65,147.7,1,1.01,-0.01,95.0,87.3,0.8,0.2,2018,5
12,MCI,3,3,4.62,0,0.19,4.81,-1.81,19.5,2,2.47,-0.47,38.1,0,0.37,-0.37,254.1,313.3,0.4,0.0,2018,5
13,MUN,2,1,1.46,1,0.43,1.89,0.11,50.8,1,0.82,0.18,117.1,1,1.25,-0.25,76.8,68.6,0.5,0.8,2018,5
14,NEW,1,1,0.35,0,0.04,0.39,0.61,241.0,1,0.31,0.69,303.2,2,0.97,1.03,96.9,104.4,0.8,0.2,2018,5
15,SOU,2,1,0.54,0,0.7,2.03,-0.03,46.8,0,0.61,-0.61,155.7,2,1.58,0.42,60.1,55.9,0.4,0.4,2018,5
16,TOT,1,0,0.83,1,0.19,1.01,-0.01,95.0,1,0.35,0.65,274.3,2,2.58,-0.58,37.2,29.1,2.3,0.3,2018,5
17,WAT,1,1,0.49,0,0.76,1.25,-0.25,76.8,1,0.93,0.07,103.2,2,1.89,0.11,50.8,40.0,1.5,0.4,2018,5
18,WHU,3,2,1.15,0,0.09,1.25,1.75,76.8,3,0.86,2.14,111.6,1,1.35,-0.35,71.1,160.0,1.0,0.3,2018,5
19,WOL,1,1,2.7,0,0.09,2.79,-1.79,34.1,1,1.5,-0.5,63.3,0,0.29,-0.29,327.6,950.0,0.1,0.2,2018,5
0,ARS,2,2,0.76,0,0.02,0.79,1.21,120.3,2,1.13,0.87,84.1,0,0.85,-0.85,111.8,86.4,0.6,0.3,2018,6
1,BOU,0,0,0.75,0,0.25,1.0,-1.0,93.0,0,0.66,-0.66,140.9,4,2.14,1.86,43.5,27.4,2.1,0.0,2018,6
2,BHA,1,0,0.62,0,0.14,0.75,0.25,126.7,1,0.3,0.7,316.7,2,2.02,-0.02,47.0,43.2,1.1,0.2,2018,6
3,BUR,4,3,2.13,1,0.02,2.14,1.86,43.5,2,0.72,1.28,129.2,0,1.0,-1.0,93.0,186.0,0.7,0.3,2018,6
4,CAR,0,0,0.03,0,0.1,0.13,-0.13,723.1,0,0.14,-0.14,671.4,5,2.53,2.47,37.2,36.2,1.8,0.7,2018,6
5,CHE,0,0,0.89,0,0.61,1.5,-1.5,63.3,0,1.66,-1.66,57.2,0,1.0,-1.0,95.0,105.6,1.0,0.0,2018,6
6,CRY,0,0,0.39,0,0.47,0.87,-0.87,109.2,0,0.64,-0.64,148.4,0,0.25,-0.25,380.0,475.0,0.1,0.1,2018,6
7,EVE,0,0,0.57,0,0.29,0.85,-0.85,111.8,0,0.8,-0.8,118.8,2,0.79,1.21,120.3,67.9,0.8,0.0,2018,6
8,FUL,1,1,1.54,0,0.18,1.71,-0.71,55.0,1,1.33,-0.33,70.7,1,1.38,-0.38,68.1,67.1,1.2,0.2,2018,6
9,HUD,1,0,0.23,1,0.46,0.69,0.31,136.2,1,0.42,0.58,223.8,3,1.67,1.33,56.3,42.7,1.3,0.3,2018,6
10,LEI,3,1,1.32,1,0.34,1.67,1.33,56.3,2,1.08,0.92,87.0,1,0.69,0.31,136.2,188.0,0.2,0.5,2018,6
11,LIV,3,0,0.58,3,1.1,1.68,1.32,55.4,1,1.1,-0.1,84.5,0,0.33,-0.33,281.8,465.0,0.3,0.1,2018,6
12,MCI,5,4,1.84,1,0.69,2.53,2.47,37.2,4,1.83,2.17,51.4,0,0.13,-0.13,723.1,940.0,0.0,0.1,2018,6
13,MUN,1,1,0.39,0,0.19,0.59,0.41,162.7,1,0.87,0.13,110.3,1,0.97,0.03,99.0,56.5,0.7,0.2,2018,6
14,NEW,0,0,0.12,0,0.12,0.25,-0.25,380.0,0,0.16,-0.16,593.8,0,0.87,-0.87,109.2,95.0,0.4,0.5,2018,6
15,SOU,0,0,0.28,0,0.05,0.33,-0.33,281.8,0,0.34,-0.34,273.5,3,1.68,1.32,55.4,58.1,0.6,1.1,2018,6
16,TOT,2,1,1.05,0,0.18,2.02,-0.02,47.0,1,0.6,0.4,158.3,1,0.75,0.25,126.7,55.9,0.6,0.1,2018,6
17,WAT,1,1,1.19,0,0.19,1.38,-0.38,68.1,1,0.66,0.34,142.4,1,1.71,-0.71,55.0,85.5,1.5,0.2,2018,6
18,WHU,0,0,0.98,0,0.02,1.0,-1.0,95.0,0,0.51,-0.51,186.3,0,1.5,-1.5,63.3,95.0,0.9,0.6,2018,6
19,WOL,1,1,0.74,0,0.23,0.97,0.03,99.0,1,0.7,0.3,137.1,1,0.59,0.41,162.7,80.0,0.4,0.2,2018,6
0,ARS,2,2,1.21,0,0.18,1.39,0.61,68.3,1,0.81,0.19,117.3,0,2.76,-2.76,34.4,47.5,1.4,1.4,2018,7
1,BOU,2,1,0.83,0,0.19,1.81,0.19,53.0,1,0.65,0.35,147.7,1,0.43,0.57,223.3,240.0,0.3,0.1,2018,7
2,BHA,0,0,0.14,0,0.11,0.25,-0.25,376.0,0,0.14,-0.14,671.4,2,2.72,-0.72,34.6,44.8,2.4,0.3,2018,7
3,BUR,2,1,0.1,1,0.18,0.27,1.73,351.9,2,0.58,1.42,163.8,1,1.73,-0.73,54.9,135.7,0.6,1.1,2018,7
4,CAR,1,1,0.64,0,1.09,1.73,-0.73,54.9,1,1.27,-0.27,74.8,2,0.27,1.73,351.9,105.6,0.1,0.2,2018,7
5,CHE,1,1,0.73,0,0.36,1.09,-0.09,87.2,1,1.2,-0.2,79.2,1,1.61,-0.61,59.0,95.0,1.5,0.1,2018,7
6,CRY,1,1,0.34,0,0.09,0.43,0.57,223.3,1,0.81,0.19,118.5,2,1.81,0.19,53.0,45.7,0.8,0.2,2018,7
7,EVE,3,3,1.19,0,0.42,2.4,0.6,39.6,2,1.04,0.96,91.3,0,0.48,-0.48,197.9,inf,0.5,0.0,2018,7
8,FUL,0,0,0.48,0,0.0,0.48,-0.48,197.9,0,0.34,-0.34,279.4,3,2.4,0.6,39.6,55.9,1.2,0.4,2018,7
9,HUD,0,0,0.17,0,0.26,0.43,-0.43,218.6,0,0.45,-0.45,208.9,2,2.14,-0.14,43.9,40.9,1.2,0.2,2018,7
10,LEI,2,0,0.16,1,0.73,1.68,0.32,56.5,1,0.76,0.24,125.0,0,0.41,-0.41,231.7,950.0,0.4,0.0,2018,7
11,LIV,1,1,1.51,0,0.1,1.61,-0.61,59.0,1,1.52,-0.52,62.5,1,1.09,-0.09,87.2,95.0,0.7,0.4,2018,7
12,MCI,2,1,2.41,0,0.32,2.72,-0.72,34.6,2,3.53,-1.53,26.6,0,0.25,-0.25,376.0,470.0,0.1,0.1,2018,7
13,MUN,1,0,0.4,1,0.27,0.67,0.33,141.8,1,0.54,0.46,175.9,3,1.36,1.64,69.9,50.0,1.2,0.1,2018,7
14,NEW,0,0,0.38,0,0.03,0.41,-0.41,231.7,0,0.41,-0.41,231.7,2,1.68,0.32,56.5,45.2,0.2,0.7,2018,7
15,SOU,0,0,0.7,0,0.07,0.77,-0.77,124.7,0,0.81,-0.81,118.5,2,1.64,0.36,58.5,36.9,1.3,0.3,2018,7
16,TOT,2,1,1.19,0,0.16,2.14,-0.14,43.9,1,0.73,0.27,128.8,0,0.43,-0.43,218.6,117.5,0.2,0.3,2018,7
17,WAT,0,0,1.39,0,1.38,2.76,-2.76,34.4,0,0.96,-0.96,99.0,2,1.39,0.61,68.3,118.8,1.2,0.2,2018,7
18,WHU,3,2,1.24,1,0.12,1.36,1.64,69.9,2,0.88,1.12,108.0,1,0.67,0.33,141.8,105.6,0.4,0.3,2018,7
19,WOL,2,2,1.32,0,0.32,1.64,0.36,58.5,2,0.89,1.11,107.9,0,0.77,-0.77,124.7,106.7,0.7,0.1,2018,7
0,ARS,5,5,1.14,0,0.0,1.14,3.86,82.5,5,0.82,4.18,114.6,1,1.4,-0.4,67.1,156.7,1.3,0.1,2018,8
1,BOU,4,2,2.29,0,0.11,3.19,0.81,29.2,2,1.31,0.69,71.0,0,1.07,-1.07,86.9,930.0,0.4,0.7,2018,8
2,BHA,1,1,0.8,0,0.39,1.19,-0.19,79.8,1,0.92,0.08,103.3,0,1.45,-1.45,65.5,105.6,0.6,0.9,2018,8
3,BUR,1,0,0.3,1,0.06,0.36,0.64,275.0,1,0.36,0.64,275.0,1,0.99,0.01,100.0,330.0,0.8,0.2,2018,8
4,CAR,0,0,1.11,0,0.12,1.23,-1.23,78.0,0,0.29,-0.29,331.0,1,2.05,-1.05,46.8,73.8,1.5,0.6,2018,8
5,CHE,3,2,1.82,1,1.13,2.95,0.05,32.2,3,1.39,1.61,68.3,0,1.63,-1.63,58.3,95.0,1.5,0.1,2018,8
6,CRY,0,0,0.85,0,0.52,1.37,-1.37,69.3,0,1.15,-1.15,82.6,1,0.74,0.26,128.4,118.8,0.7,0.0,2018,8
7,EVE,2,2,0.75,0,0.51,1.27,0.73,74.8,1,0.5,0.5,190.0,1,0.92,0.08,103.3,475.0,0.6,0.3,2018,8
8,FUL,1,1,1.28,0,0.11,1.4,-0.4,67.1,1,0.73,0.27,128.8,5,1.14,3.86,82.5,29.4,1.1,0.0,2018,8
9,HUD,1,1,0.81,0,0.18,0.99,0.01,100.0,1,0.55,0.45,180.0,1,0.36,0.64,275.0,165.0,0.3,0.1,2018,8
10,LEI,1,0,0.64,0,0.28,0.92,0.08,103.3,1,0.81,0.19,117.3,2,1.27,0.73,74.8,47.5,0.8,0.5,2018,8
11,LIV,0,0,0.24,0,0.11,0.35,-0.35,268.6,0,0.41,-0.41,229.3,0,1.05,-1.05,89.5,470.0,0.3,0.0,2018,8
12,MCI,0,0,0.26,0,0.0,1.05,-1.05,89.5,0,0.21,-0.21,447.6,0,0.35,-0.35,268.6,188.0,0.2,0.1,2018,8
13,MUN,3,2,1.3,1,0.58,1.88,1.12,51.6,2,1.81,0.19,53.6,2,1.58,0.42,61.4,51.1,0.3,1.3,2018,8
14,NEW,2,2,0.3,0,1.28,1.58,0.42,61.4,2,1.25,0.75,77.6,3,1.88,1.12,51.6,57.1,1.3,0.6,2018,8
15,SOU,0,0,1.5,0,0.13,1.63,-1.63,58.3,0,0.55,-0.55,172.7,3,2.95,0.05,32.2,23.2,1.8,1.1,2018,8
16,TOT,1,0,1.48,1,0.57,2.05,-1.05,46.8,0,1.37,-1.37,70.1,0,1.23,-1.23,78.0,106.7,1.1,0.1,2018,8
17,WAT,0,0,0.4,0,0.67,1.07,-1.07,86.9,0,0.81,-0.81,114.8,4,3.19,0.81,29.2,20.7,2.3,0.1,2018,8
18,WHU,0,0,0.59,0,0.86,1.45,-1.45,65.5,0,1.24,-1.24,76.6,1,1.19,-0.19,79.8,73.1,0.8,0.4,2018,8
19,WOL,1,1,0.73,0,0.01,0.74,0.26,128.4,1,0.64,0.36,148.4,0,1.37,-1.37,69.3,55.9,0.9,0.5,2018,8
0,ARS,3,3,2.48,0,0.27,2.75,0.25,34.2,3,2.95,0.05,31.9,1,0.5,0.5,188.0,235.0,0.2,0.3,2018,9
1,BOU,0,0,0.69,0,0.25,0.94,-0.94,102.1,0,0.64,-0.64,150.0,0,0.53,-0.53,181.1,480.0,0.5,0.1,2018,9
2,BHA,1,0,0.65,1,0.27,0.92,0.08,102.2,1,0.21,0.79,447.6,0,1.79,-1.79,52.5,94.0,1.6,0.2,2018,9
3,BUR,0,0,0.14,0,0.22,0.37,-0.37,254.1,0,0.26,-0.26,361.5,5,3.97,1.03,23.7,17.4,3.9,0.0,2018,9
4,CAR,4,4,1.31,1,0.17,1.48,2.52,64.2,3,1.47,1.53,64.6,2,0.68,1.32,139.7,63.3,0.4,0.3,2018,9
5,CHE,2,1,1.54,1,0.31,1.84,0.16,54.3,1,1.37,-0.37,73.0,2,0.86,1.14,116.3,52.6,0.7,0.1,2018,9
6,CRY,0,0,0.09,0,0.47,1.35,-1.35,70.4,0,0.69,-0.69,137.7,2,1.8,0.2,52.8,43.2,1.6,0.2,2018,9
7,EVE,2,1,1.58,0,0.22,1.8,0.2,52.8,2,1.19,0.81,79.8,0,1.35,-1.35,70.4,73.1,0.1,0.5,2018,9
8,FUL,2,2,0.42,0,0.27,0.68,1.32,139.7,2,0.55,1.45,172.7,4,1.48,2.52,64.2,50.0,1.3,0.2,2018,9
9,HUD,0,0,0.66,0,0.06,0.72,-0.72,131.9,0,0.39,-0.39,243.6,1,0.65,0.35,146.2,118.8,0.6,0.1,2018,9
10,LEI,1,1,0.2,0,0.3,0.5,0.5,188.0,0,0.28,-0.28,335.7,3,2.75,0.25,34.2,32.4,2.5,0.3,2018,9
11,LIV,1,1,0.57,0,0.08,0.65,0.35,146.2,1,0.65,0.35,146.2,0,0.72,-0.72,131.9,316.7,0.7,0.1,2018,9
12,MCI,5,4,3.92,1,0.05,3.97,1.03,23.7,4,2.74,1.26,34.3,0,0.37,-0.37,254.1,inf,0.1,0.2,2018,9
13,MUN,2,2,0.73,0,0.13,0.86,1.14,116.3,1,0.33,0.67,303.0,2,1.84,0.16,54.3,37.0,1.5,0.3,2018,9
14,NEW,0,0,1.63,0,0.16,1.79,-1.79,52.5,0,1.0,-1.0,94.0,1,0.92,0.08,102.2,104.4,0.6,0.3,2018,9
15,SOU,0,0,0.47,0,0.06,0.53,-0.53,181.1,0,0.52,-0.52,184.6,0,0.94,-0.94,102.1,320.0,0.7,0.2,2018,9
16,TOT,1,1,0.65,0,0.29,0.95,0.05,100.0,1,0.92,0.08,103.3,0,0.82,-0.82,115.9,73.1,0.4,0.4,2018,9
17,WAT,2,2,0.98,0,0.16,1.14,0.86,83.3,2,0.32,1.68,296.9,0,0.65,-0.65,146.2,950.0,0.3,0.4,2018,9
18,WHU,0,0,0.43,0,0.39,0.82,-0.82,115.9,0,0.73,-0.73,130.1,1,0.95,0.05,100.0,79.2,0.7,0.3,2018,9
19,WOL,0,0,0.3,0,0.35,0.65,-0.65,146.2,0,0.69,-0.69,137.7,2,1.14,0.86,83.3,86.4,1.0,0.2,2018,9
0,ARS,2,0,0.2,2,0.65,0.85,1.15,111.8,0,0.35,-0.35,271.4,2,2.32,-0.32,40.9,47.5,0.6,0.1,2018,10
1,BOU,3,1,1.06,0,0.12,1.96,1.04,48.0,2,1.04,0.96,90.4,0,0.51,-0.51,184.3,940.0,0.3,0.2,2018,10
2,BHA,1,1,0.48,0,0.48,0.96,0.04,99.0,1,0.45,0.55,211.1,0,1.43,-1.43,66.4,63.3,1.2,0.3,2018,10
3,BUR,0,0,0.33,0,0.09,0.42,-0.42,226.2,0,0.22,-0.22,431.8,4,2.62,1.38,36.3,32.8,2.4,0.2,2018,10
4,CAR,1,1,0.81,0,0.0,0.81,0.19,116.0,0,0.04,-0.04,2350.0,4,2.45,1.55,38.4,25.4,2.3,0.2,2018,10
5,CHE,4,3,2.39,1,0.23,2.62,1.38,36.3,3,1.0,2.0,95.0,0,0.42,-0.42,226.2,inf,0.3,0.1,2018,10
6,CRY,2,0,0.61,0,0.14,2.32,-0.32,40.9,0,0.55,-0.55,172.7,2,0.85,1.15,111.8,59.4,0.2,0.6,2018,10
7,EVE,1,0,0.9,0,0.08,1.76,-0.76,55.1,0,0.53,-0.53,183.0,2,2.26,-0.26,42.9,28.5,1.3,0.1,2018,10
8,FUL,0,0,0.27,0,0.23,0.51,-0.51,184.3,0,0.38,-0.38,247.4,3,1.96,1.04,48.0,34.8,1.1,0.1,2018,10
9,HUD,0,0,0.43,0,0.11,0.54,-0.54,174.1,0,0.52,-0.52,180.8,3,2.04,0.96,46.1,37.6,1.5,0.5,2018,10
10,LEI,1,1,1.15,0,0.59,1.74,-0.74,55.7,1,1.45,-0.45,66.9,1,1.39,-0.39,69.8,88.2,0.4,1.0,2018,10
11,LIV,4,3,2.26,0,0.19,2.45,1.55,38.4,2,1.35,0.65,69.6,1,0.81,0.19,116.0,104.4,0.8,0.0,2018,10
12,MCI,1,1,1.44,0,0.18,1.61,-0.61,59.0,1,1.77,-0.77,53.7,0,0.45,-0.45,211.1,inf,0.4,0.1,2018,10
13,MUN,2,1,1.33,1,0.14,2.26,-0.26,42.9,1,0.72,0.28,134.7,1,1.76,-0.76,55.1,69.3,0.9,0.1,2018,10
14,NEW,0,0,0.25,0,0.1,0.35,-0.35,274.3,0,0.25,-0.25,384.0,0,1.16,-1.16,82.8,120.0,1.1,0.1,2018,10
15,SOU,0,0,1.09,0,0.07,1.16,-1.16,82.8,0,0.73,-0.73,131.5,0,0.35,-0.35,274.3,inf,0.3,0.1,2018,10
16,TOT,0,0,0.39,0,0.05,0.45,-0.45,211.1,0,0.3,-0.3,316.7,1,1.61,-0.61,59.0,59.4,1.4,0.2,2018,10
17,WAT,3,2,1.54,1,0.51,2.04,0.96,46.1,3,1.14,1.86,82.5,0,0.54,-0.54,174.1,85.5,0.4,0.1,2018,10
18,WHU,1,0,0.42,1,0.97,1.39,-0.39,69.8,0,0.57,-0.57,170.2,1,1.74,-0.74,55.7,121.3,1.1,0.6,2018,10
19,WOL,0,0,1.18,0,0.25,1.43,-1.43,66.4,0,0.8,-0.8,118.8,1,0.96,0.04,99.0,135.7,0.5,0.5,2018,10
0,ARS,1,1,1.29,0,0.08,1.37,-0.37,70.1,1,1.4,-0.4,68.6,1,1.29,-0.29,74.4,160.0,1.1,0.2,2018,11
1,BOU,1,0,1.08,1,0.62,1.7,-0.7,56.5,1,1.43,-0.43,67.1,2,2.98,-0.98,32.2,45.7,2.2,0.8,2018,11
2,BHA,1,0,0.1,1,0.44,0.54,0.46,175.9,1,0.48,0.52,197.9,3,1.97,1.03,48.2,86.4,1.7,0.3,2018,11
3,BUR,2,1,0.94,1,0.13,1.07,0.93,89.7,2,0.61,1.39,157.4,4,2.47,1.53,38.9,30.0,2.3,0.2,2018,11
4,CAR,0,0,0.19,0,0.68,0.87,-0.87,110.3,0,0.63,-0.63,152.4,1,2.11,-1.11,45.5,56.5,1.8,0.3,2018,11
5,CHE,3,2,1.39,1,0.35,1.74,1.26,53.4,3,1.36,1.64,68.4,1,0.37,0.63,251.4,132.9,0.4,0.0,2018,11
6,CRY,1,1,0.35,0,0.02,0.37,0.63,251.4,1,0.33,0.67,281.8,3,1.74,1.26,53.4,40.4,1.4,0.3,2018,11
7,EVE,3,3,1.69,0,0.28,1.97,1.03,48.2,1,1.65,-0.65,57.6,1,0.54,0.46,175.9,118.8,0.1,0.4,2018,11
8,FUL,0,0,0.17,0,0.28,0.45,-0.45,211.1,0,0.31,-0.31,306.5,1,0.63,0.37,150.8,190.0,0.2,0.4,2018,11
9,HUD,1,0,0.22,1,0.41,0.63,0.37,150.8,0,0.45,-0.45,211.1,0,0.45,-0.45,211.1,inf,0.2,0.3,2018,11
10,LEI,1,1,1.79,0,0.32,2.11,-1.11,45.5,1,0.66,0.34,145.5,0,0.87,-0.87,110.3,960.0,0.2,0.7,2018,11
11,LIV,1,1,1.12,0,0.17,1.29,-0.29,74.4,0,0.78,-0.78,123.1,1,1.37,-0.37,70.1,60.0,1.3,0.1,2018,11
12,MCI,6,5,2.06,0,0.19,2.25,3.75,41.8,5,3.02,1.98,31.1,1,1.99,-0.99,47.2,44.8,1.0,0.2,2018,11
13,MUN,2,2,2.16,0,0.82,2.98,-0.98,32.2,1,1.31,-0.31,73.3,1,1.7,-0.7,56.5,48.0,1.1,0.6,2018,11
14,NEW,1,0,0.18,1,0.28,0.46,0.54,208.7,1,0.25,0.75,384.0,0,2.01,-2.01,47.8,960.0,1.5,0.5,2018,11
15,SOU,1,0,1.0,0,0.2,1.99,-0.99,47.2,0,0.89,-0.89,105.6,6,2.25,3.75,41.8,37.6,2.1,0.2,2018,11
16,TOT,3,3,1.39,0,0.0,1.39,1.61,68.3,2,0.52,1.48,182.7,2,2.67,-0.67,35.6,32.8,0.9,0.2,2018,11
17,WAT,0,0,1.5,0,0.51,2.01,-2.01,47.8,0,1.2,-1.2,80.0,1,0.46,0.54,208.7,480.0,0.2,0.3,2018,11
18,WHU,4,4,2.28,0,0.19,2.47,1.53,38.9,2,0.81,1.19,118.5,2,1.07,0.93,89.7,73.8,0.9,0.1,2018,11
19,WOL,2,0,0.88,0,0.22,2.67,-0.67,35.6,0,0.74,-0.74,128.4,3,1.39,1.61,68.3,43.2,1.4,0.0,2018,11
0,ARS,1,0,0.83,1,0.07,0.9,0.1,107.8,1,1.04,-0.04,93.3,1,1.9,-0.9,51.1,38.8,1.7,0.2,2018,12
1,BOU,1,0,0.68,1,0.97,1.65,-0.65,57.6,1,0.99,0.01,96.0,2,2.21,-0.21,43.0,29.7,2.1,0.1,2018,12
2,BHA,1,0,0.28,1,0.23,0.5,0.5,194.0,1,0.26,0.74,373.1,2,2.21,-0.21,43.9,38.8,1.1,1.1,2018,12
3,BUR,0,0,0.17,0,0.23,0.4,-0.4,235.0,0,0.24,-0.24,391.7,0,1.86,-1.86,50.5,78.3,1.3,0.6,2018,12
4,CAR,2,1,1.1,1,1.11,2.21,-0.21,43.9,0,0.5,-0.5,194.0,1,0.5,0.5,194.0,121.3,0.3,0.2,2018,12
5,CHE,0,0,0.92,0,0.24,1.16,-1.16,82.8,0,1.46,-1.46,65.8,0,0.33,-0.33,290.9,960.0,0.1,0.2,2018,12
6,CRY,0,0,0.52,0,0.32,0.84,-0.84,114.3,0,0.28,-0.28,342.9,1,1.2,-0.2,80.0,240.0,0.7,0.5,2018,12
7,EVE,0,0,0.09,0,0.24,0.33,-0.33,290.9,0,0.41,-0.41,234.1,0,1.16,-1.16,82.8,64.0,0.9,0.2,2018,12
8,FUL,0,0,0.5,0,0.0,0.5,-0.5,188.0,0,0.16,-0.16,587.5,2,1.78,0.22,52.8,49.5,1.2,0.5,2018,12
9,HUD,1,1,0.97,0,0.15,1.12,-0.12,83.9,1,0.73,0.27,128.8,1,1.66,-0.66,56.6,72.3,1.4,0.2,2018,12
10,LEI,0,0,1.27,0,0.59,1.86,-1.86,50.5,0,0.81,-0.81,116.0,0,0.4,-0.4,235.0,940.0,0.2,0.2,2018,12
11,LIV,2,1,1.23,1,0.55,1.78,0.22,52.8,2,0.75,1.25,125.3,0,0.5,-0.5,188.0,156.7,0.5,0.0,2018,12
12,MCI,3,3,1.82,0,0.04,1.86,1.14,50.5,3,1.43,1.57,65.7,1,1.07,-0.07,87.9,94.0,0.0,0.2,2018,12
13,MUN,1,0,0.03,0,0.25,1.07,-0.07,87.9,0,0.39,-0.39,241.0,3,1.86,1.14,50.5,44.8,1.8,0.0,2018,12
14,NEW,2,2,2.08,0,0.13,2.21,-0.21,43.0,1,0.94,0.06,101.1,1,1.65,-0.65,57.6,79.2,0.7,1.0,2018,12
15,SOU,1,0,0.61,1,0.48,1.09,-0.09,87.2,1,0.61,0.39,155.7,1,1.17,-0.17,81.2,95.0,1.1,0.1,2018,12
16,TOT,1,0,0.75,1,0.45,1.2,-0.2,80.0,0,0.72,-0.72,133.3,0,0.84,-0.84,114.3,160.0,0.5,0.3,2018,12
17,WAT,1,1,1.11,0,0.05,1.17,-0.17,81.2,1,0.55,0.45,172.7,1,1.09,-0.09,87.2,118.8,0.6,0.5,2018,12
18,WHU,1,1,1.41,0,0.25,1.66,-0.66,56.6,0,0.46,-0.46,204.3,1,1.12,-0.12,83.9,55.3,1.0,0.1,2018,12
19,WOL,1,1,1.73,0,0.17,1.9,-0.9,51.1,1,0.85,0.15,114.1,1,0.9,0.1,107.8,97.0,0.8,0.1,2018,12
0,ARS,2,2,1.54,0,0.09,1.63,0.37,58.9,1,1.18,-0.18,81.4,1,0.63,0.37,152.4,120.0,0.5,0.1,2018,13
1,BOU,1,0,0.48,0,0.15,0.63,0.37,152.4,1,0.57,0.43,168.4,2,1.63,0.37,58.9,73.8,1.5,0.1,2018,13
2,BHA,1,0,0.45,1,0.59,1.04,-0.04,91.3,1,0.73,0.27,130.1,1,1.23,-0.23,77.2,86.4,0.2,0.3,2018,13
3,BUR,1,1,0.85,0,0.93,1.78,-0.78,53.4,1,1.34,-0.34,70.9,2,1.61,0.39,59.0,63.3,1.5,0.1,2018,13
4,CAR,0,0,0.15,0,0.89,1.04,-1.04,92.3,0,0.64,-0.64,150.0,1,2.13,-1.13,45.1,48.0,1.8,0.3,2018,13
5,CHE,1,1,0.91,0,0.1,1.01,-0.01,94.1,1,0.87,0.13,109.2,3,3.09,-0.09,30.7,27.9,2.2,0.9,2018,13
6,CRY,0,0,1.14,0,0.02,1.16,-1.16,81.9,0,0.36,-0.36,263.9,0,0.9,-0.9,105.6,86.4,0.7,0.2,2018,13
7,EVE,1,1,1.78,0,0.35,2.13,-1.13,45.1,0,1.34,-1.34,71.6,0,1.04,-1.04,92.3,960.0,0.1,0.9,2018,13
8,FUL,3,3,1.16,0,0.12,1.28,1.72,75.0,3,0.74,2.26,129.7,2,1.33,0.67,72.2,64.0,0.9,0.4,2018,13
9,HUD,2,1,0.39,1,0.27,0.66,1.34,143.9,1,0.46,0.54,206.5,0,0.8,-0.8,118.8,950.0,0.5,0.3,2018,13
10,LEI,1,0,0.15,0,0.29,1.23,-0.23,77.2,0,0.49,-0.49,193.9,1,1.04,-0.04,91.3,316.7,0.5,0.6,2018,13
11,LIV,3,1,1.08,1,0.13,1.21,1.79,78.5,1,0.69,0.31,137.7,0,0.42,-0.42,226.2,237.5,0.4,0.1,2018,13
12,MCI,4,4,2.73,0,0.0,2.73,1.27,34.1,3,1.29,1.71,72.1,0,0.86,-0.86,108.1,inf,0.6,0.2,2018,13
13,MUN,0,0,0.66,0,0.24,0.9,-0.9,105.6,0,1.6,-1.6,59.4,0,1.16,-1.16,81.9,475.0,1.1,0.0,2018,13
14,NEW,2,0,1.53,2,0.07,1.61,0.39,59.0,1,0.55,0.45,172.7,1,1.78,-0.78,53.4,158.3,0.9,0.9,2018,13
15,SOU,2,2,0.92,0,0.41,1.33,0.67,72.2,1,0.82,0.18,117.1,3,1.28,1.72,75.0,45.7,1.2,0.1,2018,13
16,TOT,3,2,2.17,1,0.92,3.09,-0.09,30.7,3,1.57,1.43,60.5,1,1.01,-0.01,94.1,105.6,0.9,0.1,2018,13
17,WAT,0,0,0.36,0,0.06,0.42,-0.42,226.2,0,0.32,-0.32,296.9,3,1.21,1.79,78.5,39.6,1.1,0.1,2018,13
18,WHU,0,0,0.64,0,0.23,0.86,-0.86,108.1,0,0.46,-0.46,202.2,4,2.73,1.27,34.1,24.5,2.7,0.0,2018,13
19,WOL,0,0,0.49,0,0.31,0.8,-0.8,118.8,0,0.5,-0.5,190.0,2,0.66,1.34,143.9,95.0,0.4,0.3,2018,13
0,ARS,4,3,1.34,0,0.57,2.7,1.3,35.9,3,0.91,2.09,106.6,2,1.2,0.8,80.8,51.1,0.3,0.1,2018,14
1,BOU,1,1,0.15,0,0.4,0.55,0.45,170.9,1,0.85,0.15,110.6,3,2.6,0.4,36.2,58.8,2.2,0.4,2018,14
2,BHA,2,1,0.6,1,0.62,1.22,0.78,77.9,2,0.86,1.14,110.5,1,0.62,0.38,153.2,86.4,0.1,0.5,2018,14
3,BUR,0,0,0.06,0,0.62,0.68,-0.68,139.7,0,0.37,-0.37,256.8,2,1.66,0.34,57.2,95.0,1.4,0.3,2018,14
4,CAR,2,1,0.21,1,0.87,1.08,0.92,88.9,1,1.05,-0.05,91.4,1,0.79,0.21,121.5,137.1,0.5,0.3,2018,14
5,CHE,2,2,1.96,0,0.17,2.12,-0.12,44.3,2,1.02,0.98,92.2,0,0.37,-0.37,254.1,313.3,0.3,0.1,2018,14
6,CRY,2,2,1.4,0,0.26,1.66,0.34,57.2,2,1.07,0.93,88.8,0,0.68,-0.68,139.7,inf,0.1,0.6,2018,14
7,EVE,0,0,0.97,0,0.15,1.12,-1.12,86.6,0,0.99,-0.99,98.0,1,2.98,-1.98,32.6,60.6,1.5,1.5,2018,14
8,FUL,0,0,0.25,0,0.12,0.37,-0.37,254.1,0,0.48,-0.48,195.8,2,2.12,-0.12,44.3,37.6,2.0,0.2,2018,14
9,HUD,1,0,0.1,1,0.52,0.62,0.38,153.2,0,0.1,-0.1,950.0,2,1.22,0.78,77.9,105.6,0.6,0.6,2018,14
10,LEI,2,0,0.49,0,0.0,1.28,0.72,74.2,1,0.22,0.78,431.8,0,1.18,-1.18,80.5,inf,1.1,0.1,2018,14
11,LIV,1,1,1.51,1,1.47,2.98,-1.98,32.6,0,0.94,-0.94,103.2,0,1.12,-1.12,86.6,97.0,1.0,0.1,2018,14
12,MCI,3,2,2.19,1,0.41,2.6,0.4,36.2,1,1.66,-0.66,56.6,1,0.55,0.45,170.9,313.3,0.2,0.4,2018,14
13,MUN,2,2,0.81,0,0.27,1.07,0.93,89.7,2,1.14,0.86,84.2,2,0.7,1.3,137.1,87.3,0.4,0.3,2018,14
14,NEW,0,0,0.53,0,0.52,1.05,-1.05,90.5,0,0.86,-0.86,110.5,3,2.52,0.48,37.7,41.3,2.5,0.1,2018,14
15,SOU,2,1,0.36,1,0.33,0.7,1.3,137.1,1,0.41,0.59,234.1,2,1.07,0.93,89.7,80.0,0.8,0.3,2018,14
16,TOT,2,0,0.27,1,0.14,1.2,0.8,80.8,1,0.15,0.85,646.7,4,2.7,1.3,35.9,29.4,1.3,0.6,2018,14
17,WAT,0,0,1.11,0,0.07,1.18,-1.18,80.5,0,1.01,-1.01,94.1,2,1.28,0.72,74.2,73.1,0.5,0.0,2018,14
18,WHU,3,2,2.46,0,0.06,2.52,0.48,37.7,3,1.21,1.79,78.5,0,1.05,-1.05,90.5,158.3,0.5,0.5,2018,14
19,WOL,1,0,0.5,1,0.29,0.79,0.21,121.5,0,1.11,-1.11,86.5,2,1.08,0.92,88.9,73.8,0.2,0.9,2018,14
0,ARS,2,1,1.36,1,0.06,1.42,0.58,68.3,1,1.31,-0.31,74.0,2,1.1,0.9,88.2,80.8,0.5,0.6,2018,15
1,BOU,2,0,0.52,1,0.38,0.9,1.1,107.8,2,0.64,1.36,151.6,1,1.87,-0.87,51.9,69.3,1.0,0.8,2018,15
2,BHA,3,0,0.25,1,0.22,1.26,1.74,76.2,0,0.22,-0.22,436.4,1,1.74,-0.74,55.2,64.0,0.7,0.2,2018,15
3,BUR,1,0,0.17,1,0.75,0.92,0.08,103.3,0,0.49,-0.49,193.9,3,2.37,0.63,40.1,25.0,1.3,1.1,2018,15
4,CAR,1,0,0.22,1,1.07,2.08,-1.08,46.2,0,0.23,-0.23,417.4,3,1.71,1.29,56.1,41.7,1.2,0.5,2018,15
5,CHE,1,1,0.9,0,0.4,1.3,-0.3,73.8,1,1.17,-0.17,82.1,2,0.73,1.27,131.5,137.1,0.6,0.1,2018,15
6,CRY,1,0,0.71,0,0.24,1.74,-0.74,55.2,0,1.02,-1.02,94.1,3,1.26,1.74,76.2,64.0,0.2,0.2,2018,15
7,EVE,1,0,1.62,1,0.24,1.86,-0.86,51.6,0,1.05,-1.05,91.4,1,1.5,-0.5,64.0,41.7,1.2,0.3,2018,15
8,FUL,1,1,0.68,0,0.76,1.44,-0.44,65.3,1,1.12,-0.12,83.9,1,1.2,-0.2,78.3,104.4,0.9,0.3,2018,15
9,HUD,1,0,1.02,1,0.84,1.87,-0.87,51.9,1,1.16,-0.16,83.6,2,0.9,1.1,107.8,88.2,0.5,0.4,2018,15
10,LEI,1,1,0.91,0,0.29,1.2,-0.2,78.3,1,0.75,0.25,125.3,1,1.44,-0.44,65.3,235.0,0.7,0.8,2018,15
11,LIV,3,1,1.25,1,1.11,2.37,0.63,40.1,3,2.26,0.74,42.0,1,0.92,0.08,103.3,47.5,0.2,0.7,2018,15
12,MCI,2,2,2.42,0,0.13,2.54,-0.54,37.4,2,1.74,0.26,54.6,1,1.82,-0.82,52.2,47.5,1.7,0.1,2018,15
13,MUN,2,1,0.52,1,0.58,1.1,0.9,88.2,1,0.72,0.28,134.7,2,1.42,0.58,68.3,97.0,1.4,0.1,2018,15
14,NEW,1,1,1.16,0,0.34,1.5,-0.5,64.0,1,1.09,-0.09,88.1,1,1.86,-0.86,51.6,80.0,1.6,0.2,2018,15
15,SOU,1,1,1.31,0,0.39,1.69,-0.69,55.6,1,1.49,-0.49,63.1,3,1.6,1.4,58.8,27.6,0.8,0.8,2018,15
16,TOT,3,1,0.85,2,0.75,1.6,1.4,58.8,2,1.23,0.77,76.4,1,1.69,-0.69,55.6,94.0,1.3,0.4,2018,15
17,WAT,1,1,1.68,0,0.14,1.82,-0.82,52.2,0,0.7,-0.7,135.7,2,2.54,-0.54,37.4,52.8,2.4,0.1,2018,15
18,WHU,3,2,1.17,1,0.54,1.71,1.29,56.1,3,1.59,1.41,60.4,1,2.08,-1.08,46.2,40.0,0.2,1.1,2018,15
19,WOL,2,2,0.63,0,0.1,0.73,1.27,131.5,2,0.56,1.44,171.4,1,1.3,-0.3,73.8,137.1,0.9,0.4,2018,15
0,ARS,1,1,1.23,0,0.2,1.43,-0.43,68.5,1,1.26,-0.26,77.8,0,0.32,-0.32,306.3,inf,0.3,0.0,2018,16
1,BOU,0,0,0.18,0,0.12,0.31,-0.31,309.7,0,0.79,-0.79,121.5,4,1.57,2.43,61.1,43.6,1.4,0.1,2018,16
2,BHA,0,0,0.53,0,0.49,1.02,-1.02,94.1,0,0.9,-0.9,106.7,1,1.64,-0.64,58.5,56.5,0.4,1.2,2018,16
3,BUR,1,0,0.43,1,1.21,1.64,-0.64,58.5,1,0.91,0.09,105.5,0,1.02,-1.02,94.1,240.0,0.5,0.5,2018,16
4,CAR,1,1,0.97,0,0.58,1.54,-0.54,61.0,0,1.18,-1.18,79.7,0,0.71,-0.71,132.4,470.0,0.2,0.6,2018,16
5,CHE,2,1,0.33,1,0.29,0.62,1.38,153.2,2,0.44,1.56,215.9,0,0.89,-0.89,106.7,158.3,0.6,0.3,2018,16
6,CRY,2,0,0.14,2,0.54,0.68,1.32,139.7,2,1.06,0.94,89.6,3,1.23,1.77,77.2,50.0,0.8,0.5,2018,16
7,EVE,2,1,0.66,1,0.24,1.69,0.31,57.4,1,1.1,-0.1,88.2,2,1.74,0.26,55.7,88.2,1.3,0.4,2018,16
8,FUL,1,0,0.38,0,0.03,1.2,-0.2,78.3,0,0.33,-0.33,284.8,4,2.34,1.66,40.2,29.4,1.5,0.8,2018,16
9,HUD,0,0,0.32,0,0.0,0.32,-0.32,306.3,0,0.27,-0.27,363.0,1,1.43,-0.43,68.5,196.0,1.2,0.2,2018,16
10,LEI,0,0,0.32,0,0.1,0.42,-0.42,223.8,0,0.72,-0.72,130.6,2,0.86,1.14,109.3,78.3,0.7,0.1,2018,16
11,LIV,4,3,1.42,0,0.14,1.57,2.43,61.1,1,0.98,0.02,98.0,0,0.31,-0.31,309.7,192.0,0.2,0.1,2018,16
12,MCI,0,0,0.55,0,0.34,0.89,-0.89,106.7,0,0.97,-0.97,97.9,2,0.62,1.38,153.2,73.1,0.3,0.3,2018,16
13,MUN,4,3,1.5,1,0.84,2.34,1.66,40.2,4,1.38,2.62,68.1,1,1.2,-0.2,78.3,67.1,0.4,0.0,2018,16
14,NEW,1,0,0.26,1,0.35,0.61,0.39,159.0,1,0.53,0.47,183.0,2,1.8,0.2,53.9,64.7,1.4,0.4,2018,16
15,SOU,0,0,0.15,0,0.55,0.71,-0.71,132.4,0,0.52,-0.52,180.8,1,1.54,-0.54,61.0,72.3,1.0,0.6,2018,16
16,TOT,2,1,0.75,0,0.12,0.86,1.14,109.3,2,0.96,1.04,97.9,0,0.42,-0.42,223.8,235.0,0.3,0.1,2018,16
17,WAT,2,2,1.35,0,0.4,1.74,0.26,55.7,0,0.45,-0.45,215.6,2,1.69,0.31,57.4,33.4,0.7,0.2,2018,16
18,WHU,3,2,0.76,1,0.47,1.23,1.77,77.2,0,0.76,-0.76,125.0,2,0.68,1.32,139.7,118.8,0.1,0.5,2018,16
19,WOL,2,2,1.39,0,0.41,1.8,0.2,53.9,1,0.52,0.48,186.5,1,0.61,0.39,159.0,107.8,0.3,0.4,2018,16
0,ARS,2,2,1.84,0,0.07,1.92,0.08,50.0,2,1.07,0.93,89.7,3,1.25,1.75,76.8,38.4,1.1,0.1,2018,17
1,BOU,0,0,0.39,0,0.18,0.57,-0.57,166.7,0,0.53,-0.53,179.2,2,1.84,0.16,51.6,52.8,1.8,0.0,2018,17
2,BHA,1,1,0.33,0,0.07,0.41,0.59,231.7,1,0.42,0.58,226.2,2,1.19,0.81,79.8,73.1,1.0,0.1,2018,17
3,BUR,0,0,0.3,0,0.17,0.48,-0.48,200.0,0,0.45,-0.45,213.3,1,1.65,-0.65,58.2,80.0,1.5,0.2,2018,17
4,CAR,2,1,0.23,1,0.8,1.03,0.97,93.2,1,0.32,0.68,300.0,3,1.42,1.58,67.6,30.0,1.3,0.1,2018,17
5,CHE,2,1,1.04,0,0.15,1.19,0.81,79.8,2,1.07,0.93,88.8,1,0.41,0.59,231.7,316.7,0.3,0.1,2018,17
6,CRY,1,1,0.31,0,0.18,0.48,0.52,197.9,1,0.26,0.74,365.4,0,0.98,-0.98,96.9,190.0,0.8,0.2,2018,17
7,EVE,1,1,1.44,0,0.06,1.5,-0.5,63.3,1,0.86,0.14,110.5,3,1.72,1.28,55.2,59.4,1.5,0.2,2018,17
8,FUL,0,0,1.07,0,0.21,1.28,-1.28,73.4,0,0.83,-0.83,113.3,2,0.8,1.2,117.5,104.4,0.7,0.1,2018,17
9,HUD,0,0,0.36,0,0.46,0.82,-0.82,115.9,0,0.96,-0.96,99.0,1,0.64,0.36,148.4,105.6,0.5,0.1,2018,17
10,LEI,0,0,0.81,0,0.17,0.98,-0.98,96.9,0,0.78,-0.78,121.8,1,0.48,0.52,197.9,237.5,0.3,0.2,2018,17
11,LIV,3,3,1.59,0,0.96,2.55,0.45,36.9,1,1.7,-0.7,55.3,1,0.74,0.26,127.0,117.5,0.7,0.0,2018,17
12,MCI,3,3,1.49,0,0.23,1.72,1.28,55.2,3,1.54,1.46,61.7,1,1.5,-0.5,63.3,79.2,1.4,0.1,2018,17
13,MUN,1,1,0.7,0,0.03,0.74,0.26,127.0,0,0.13,-0.13,723.1,3,2.55,0.45,36.9,40.9,1.6,1.0,2018,17
14,NEW,1,1,0.54,0,0.1,0.64,0.36,148.4,1,0.24,0.76,395.8,0,0.82,-0.82,115.9,135.7,0.4,0.5,2018,17
15,SOU,3,3,1.13,0,0.12,1.25,1.75,76.8,3,1.13,1.87,85.0,2,1.92,0.08,50.0,73.8,1.8,0.1,2018,17
16,TOT,1,1,1.45,0,0.2,1.65,-0.65,58.2,1,1.79,-0.79,53.6,0,0.48,-0.48,200.0,inf,0.3,0.2,2018,17
17,WAT,3,3,1.28,0,0.14,1.42,1.58,67.6,3,0.72,2.28,133.3,2,1.03,0.97,93.2,120.0,0.2,0.8,2018,17
18,WHU,2,2,0.73,0,0.07,0.8,1.2,117.5,2,0.42,1.58,223.8,0,1.28,-1.28,73.4,58.8,1.1,0.2,2018,17
19,WOL,2,1,1.83,0,0.01,1.84,0.16,51.6,2,0.47,1.53,202.1,0,0.57,-0.57,166.7,190.0,0.4,0.2,2018,17
0,ARS,3,2,1.55,0,0.04,1.59,1.41,60.4,2,0.96,1.04,100.0,1,1.15,-0.15,83.5,53.3,1.1,0.1,2018,18
1,BOU,2,2,0.54,0,0.29,0.83,1.17,114.5,2,1.01,0.99,94.1,0,0.83,-0.83,114.5,86.4,0.7,0.2,2018,18
2,BHA,0,0,0.65,0,0.17,0.83,-0.83,114.5,0,0.58,-0.58,163.8,2,0.83,1.17,114.5,158.3,0.5,0.3,2018,18
3,BUR,1,1,1.1,0,0.05,1.15,-0.15,83.5,1,0.35,0.65,274.3,3,1.59,1.41,60.4,60.0,1.5,0.0,2018,18
4,CAR,1,0,0.26,0,0.36,1.41,-0.41,66.7,0,0.38,-0.38,247.4,5,2.76,2.24,34.1,22.9,1.7,0.3,2018,18
5,CHE,0,0,1.3,0,1.15,2.45,-2.45,38.8,0,1.11,-1.11,85.6,1,0.51,0.49,186.3,190.0,0.5,0.0,2018,18
6,CRY,3,1,0.29,1,0.02,1.09,1.91,88.1,1,0.1,0.9,960.0,2,1.5,0.5,64.0,73.8,1.0,0.5,2018,18
7,EVE,2,2,0.87,0,0.04,0.91,1.09,103.3,2,0.59,1.41,159.3,6,1.99,4.01,47.2,26.1,1.7,0.3,2018,18
8,FUL,0,0,0.17,0,0.06,0.23,-0.23,413.0,0,0.29,-0.29,327.6,0,0.37,-0.37,256.8,inf,0.2,0.2,2018,18
9,HUD,1,1,0.36,0,0.44,0.8,0.2,120.0,1,0.59,0.41,162.7,3,2.52,0.48,38.1,29.1,1.7,0.1,2018,18
10,LEI,1,1,0.49,0,0.02,0.51,0.49,186.3,1,0.71,0.29,133.8,0,2.45,-2.45,38.8,158.3,1.3,1.1,2018,18
11,LIV,2,0,1.45,2,0.51,1.96,0.04,49.0,2,1.44,0.56,66.7,0,0.86,-0.86,111.6,160.0,0.8,0.1,2018,18
12,MCI,2,2,1.03,0,0.47,1.5,0.5,64.0,2,1.92,0.08,50.0,3,1.09,1.91,88.1,56.5,0.3,0.0,2018,18
13,MUN,5,3,1.72,1,0.25,2.76,2.24,34.1,3,1.11,1.89,84.7,1,1.41,-0.41,66.7,72.3,0.3,0.4,2018,18
14,NEW,0,0,0.21,0,0.16,0.37,-0.37,256.8,0,0.6,-0.6,158.3,0,0.23,-0.23,413.0,475.0,0.2,0.1,2018,18
15,SOU,3,2,1.68,0,0.06,2.52,0.48,38.1,2,0.83,1.17,115.7,1,0.8,0.2,120.0,480.0,0.4,0.4,2018,18
16,TOT,6,5,1.66,1,0.33,1.99,4.01,47.2,2,0.77,1.23,122.1,2,0.91,1.09,103.3,85.5,0.9,0.0,2018,18
17,WAT,2,1,1.48,0,0.02,2.29,-0.29,41.0,1,1.32,-0.32,71.2,0,2.22,-2.22,42.3,67.1,1.7,0.5,2018,18
18,WHU,0,0,1.71,0,0.51,2.22,-2.22,42.3,0,1.14,-1.14,82.5,2,2.29,-0.29,41.0,36.2,1.5,0.0,2018,18
19,WOL,0,0,0.78,0,0.09,0.86,-0.86,111.6,0,0.4,-0.4,240.0,2,1.96,0.04,49.0,53.3,1.4,0.5,2018,18
0,ARS,1,1,0.75,0,0.04,0.79,0.21,119.0,1,0.95,0.05,98.9,1,1.1,-0.1,85.5,104.4,1.1,0.0,2018,19
1,BOU,0,0,1.02,0,0.09,1.11,-1.11,84.7,0,1.01,-1.01,93.1,5,1.79,3.21,52.5,36.2,1.7,0.1,2018,19
2,BHA,1,0,1.09,0,0.01,1.1,-0.1,85.5,0,0.67,-0.67,140.3,1,0.79,0.21,119.0,52.2,0.8,0.0,2018,19
3,BUR,1,0,0.13,1,1.86,1.99,-0.99,47.2,0,0.9,-0.9,104.4,5,1.52,3.48,61.8,37.6,0.5,0.3,2018,19
4,CAR,0,0,0.78,0,0.08,0.86,-0.86,110.5,0,0.65,-0.65,146.2,0,2.1,-2.1,45.2,73.1,1.8,0.3,2018,19
5,CHE,2,1,1.09,0,0.02,1.89,0.11,50.3,1,1.22,-0.22,77.9,1,1.21,-0.21,78.5,135.7,1.0,0.2,2018,19
6,CRY,0,0,1.76,0,0.34,2.1,-2.1,45.2,0,2.13,-2.13,44.6,0,0.86,-0.86,110.5,475.0,0.8,0.1,2018,19
7,EVE,5,1,0.45,3,0.28,1.52,3.48,61.8,3,0.57,2.43,164.9,1,1.99,-0.99,47.2,67.1,0.1,1.9,2018,19
8,FUL,1,0,0.8,1,0.46,1.26,-0.26,74.6,0,0.58,-0.58,162.1,1,1.49,-0.49,63.1,62.7,1.5,0.1,2018,19
9,HUD,1,0,0.32,1,0.76,1.08,-0.08,87.0,1,0.72,0.28,130.6,3,1.57,1.43,59.9,44.8,0.8,0.8,2018,19
10,LEI,2,1,1.37,1,0.06,1.44,0.56,66.0,1,0.9,0.1,105.6,1,1.44,-0.44,66.0,73.1,1.4,0.0,2018,19
11,LIV,4,1,1.5,2,0.73,3.02,0.98,31.1,2,2.45,-0.45,38.4,0,0.47,-0.47,200.0,940.0,0.4,0.0,2018,19
12,MCI,1,1,1.44,0,0.0,1.44,-0.44,66.0,1,1.85,-0.85,51.4,2,1.44,0.56,66.0,43.2,1.4,0.1,2018,19
13,MUN,3,2,0.77,1,0.8,1.57,1.43,59.9,2,0.67,1.33,140.3,1,1.08,-0.08,87.0,104.4,0.3,0.8,2018,19
14,NEW,0,0,0.42,0,0.05,0.47,-0.47,200.0,0,0.49,-0.49,191.8,4,3.02,0.98,31.1,28.5,1.5,0.7,2018,19
15,SOU,1,1,1.21,0,0.02,1.22,-0.22,77.9,0,0.28,-0.28,339.3,2,1.2,0.8,79.2,73.1,1.1,0.1,2018,19
16,TOT,5,5,1.72,0,0.06,1.79,3.21,52.5,4,0.74,3.26,127.0,0,1.11,-1.11,84.7,85.5,1.0,0.1,2018,19
17,WAT,1,0,1.02,1,0.19,1.21,-0.21,78.5,1,0.64,0.36,148.4,2,1.89,0.11,50.3,36.5,1.1,0.0,2018,19
18,WHU,2,1,1.07,0,0.13,1.2,0.8,79.2,1,0.79,0.21,120.3,1,1.22,-0.22,77.9,32.8,1.2,0.0,2018,19
19,WOL,1,1,1.49,0,0.07,1.49,-0.49,63.1,0,0.6,-0.6,156.7,1,1.26,-0.26,74.6,117.5,0.8,0.5,2018,19
0,ARS,1,1,1.01,0,0.0,1.01,-0.01,93.1,1,0.79,0.21,119.0,5,3.9,1.1,24.1,18.4,2.3,0.0,2018,20
1,BOU,1,0,0.12,1,0.36,0.49,0.51,193.9,1,0.61,0.39,155.7,4,2.95,1.05,32.2,21.6,2.9,0.0,2018,20
2,BHA,1,0,0.34,1,0.76,1.1,-0.1,86.4,0,0.74,-0.74,128.4,0,0.72,-0.72,131.9,316.7,0.5,0.2,2018,20
3,BUR,2,2,2.58,0,0.15,2.74,-0.74,34.7,2,1.72,0.28,55.2,0,0.8,-0.8,118.8,158.3,0.5,0.3,2018,20
4,CAR,1,1,0.27,0,0.32,0.58,0.42,167.2,1,0.49,0.51,198.0,0,1.77,-1.77,54.8,42.2,0.7,0.3,2018,20
5,CHE,1,1,0.67,0,0.28,0.95,0.05,100.0,1,1.25,-0.25,76.0,0,0.23,-0.23,413.0,inf,0.1,0.1,2018,20
6,CRY,0,0,0.14,0,0.09,0.23,-0.23,413.0,0,0.22,-0.22,431.8,1,0.95,0.05,100.0,95.0,0.7,0.3,2018,20
7,EVE,0,0,0.54,0,0.18,0.72,-0.72,131.9,0,0.59,-0.59,161.0,1,1.1,-0.1,86.4,73.1,0.3,0.8,2018,20
8,FUL,1,0,0.75,0,0.23,1.77,-0.77,53.7,1,0.9,0.1,105.6,0,0.42,-0.42,226.2,316.7,0.3,0.1,2018,20
9,HUD,0,0,0.31,0,0.11,0.42,-0.42,226.2,0,0.39,-0.39,243.6,1,1.77,-0.77,53.7,55.9,0.8,0.2,2018,20
10,LEI,0,0,0.72,0,0.26,1.77,-1.77,54.8,0,0.48,-0.48,202.1,1,0.58,0.42,167.2,138.6,0.3,0.3,2018,20
11,LIV,5,3,2.33,0,0.0,3.9,1.1,24.1,1,1.27,-0.27,74.0,1,1.01,-0.01,93.1,78.3,1.0,0.0,2018,20
12,MCI,3,3,2.27,0,0.2,2.47,0.53,38.1,2,1.76,0.24,53.4,1,0.24,0.76,391.7,134.3,0.1,0.2,2018,20
13,MUN,4,4,2.95,0,0.0,2.95,1.05,32.2,4,2.24,1.76,42.4,1,0.49,0.51,193.9,190.0,0.1,0.4,2018,20
14,NEW,1,1,0.58,0,0.14,0.72,0.28,130.6,1,0.56,0.44,167.9,1,1.26,-0.26,74.6,58.8,0.9,0.3,2018,20
15,SOU,1,1,0.08,0,0.15,0.24,0.76,391.7,0,0.34,-0.34,276.5,3,2.47,0.53,38.1,49.5,2.3,0.2,2018,20
16,TOT,1,1,0.19,0,0.12,0.31,0.69,309.7,1,0.48,0.52,200.0,3,0.95,2.05,101.1,56.5,0.7,0.2,2018,20
17,WAT,1,1,0.93,0,0.33,1.26,-0.26,74.6,1,1.06,-0.06,88.7,1,0.72,0.28,130.6,94.0,0.6,0.1,2018,20
18,WHU,0,0,0.54,0,0.27,0.8,-0.8,118.8,0,0.65,-0.65,146.2,2,2.74,-0.74,34.7,52.8,2.6,0.2,2018,20
19,WOL,3,1,0.71,1,0.23,0.95,2.05,101.1,3,0.73,2.27,131.5,1,0.31,0.69,309.7,120.0,0.2,0.1,2018,20
0,ARS,4,3,4.53,1,0.04,4.57,-0.57,20.6,3,2.8,0.2,33.6,1,1.36,-0.36,69.1,85.5,1.2,0.1,2018,21
1,BOU,3,1,1.5,2,0.74,2.25,0.75,41.8,2,1.05,0.95,89.5,3,0.88,2.12,106.8,104.4,0.8,0.1,2018,21
2,BHA,2,0,0.31,2,0.39,0.7,1.3,135.7,1,0.35,0.65,271.4,2,0.8,1.2,118.8,86.4,0.7,0.1,2018,21
3,BUR,2,2,1.74,0,0.61,2.35,-0.35,41.3,2,1.27,0.73,76.4,1,0.87,0.13,111.5,194.0,0.4,0.5,2018,21
4,CAR,0,0,0.2,0,0.71,0.91,-0.91,103.3,0,0.66,-0.66,142.4,3,1.09,1.91,86.2,67.1,1.0,0.1,2018,21
5,CHE,0,0,0.67,0,0.22,0.9,-0.9,106.7,0,1.21,-1.21,79.3,0,0.22,-0.22,436.4,192.0,0.1,0.1,2018,21
6,CRY,2,1,0.83,0,0.28,1.9,0.1,50.5,1,0.25,0.75,384.0,0,0.47,-0.47,204.3,960.0,0.3,0.2,2018,21
7,EVE,0,0,0.49,0,0.5,0.99,-0.99,94.9,0,0.69,-0.69,136.2,1,0.64,0.36,146.9,78.3,0.6,0.1,2018,21
8,FUL,1,1,1.23,0,0.13,1.36,-0.36,69.1,1,1.21,-0.21,77.7,4,4.57,-0.57,20.6,20.0,4.5,0.0,2018,21
9,HUD,1,1,0.4,0,0.48,0.87,0.13,111.5,1,0.36,0.64,269.4,2,2.35,-0.35,41.3,42.2,1.7,0.6,2018,21
10,LEI,1,1,0.56,0,0.08,0.64,0.36,146.9,1,0.4,0.6,235.0,0,0.99,-0.99,94.9,940.0,0.5,0.5,2018,21
11,LIV,1,1,1.33,0,0.16,1.49,-0.49,64.4,1,1.55,-0.55,61.9,2,1.06,0.94,90.6,68.6,1.1,0.0,2018,21
12,MCI,2,2,1.06,0,0.0,1.06,0.94,90.6,2,0.37,1.63,259.5,1,1.49,-0.49,64.4,68.6,1.3,0.2,2018,21
13,MUN,2,0,1.67,1,0.91,2.58,-0.58,37.6,1,0.98,0.02,99.0,0,0.7,-0.7,138.6,161.7,0.6,0.1,2018,21
14,NEW,0,0,0.64,0,0.06,0.7,-0.7,138.6,0,0.66,-0.66,147.0,2,2.58,-0.58,37.6,53.9,1.7,0.9,2018,21
15,SOU,0,0,0.14,0,0.08,0.22,-0.22,436.4,0,0.17,-0.17,564.7,0,0.9,-0.9,106.7,137.1,0.7,0.2,2018,21
16,TOT,3,3,1.04,0,0.05,1.09,1.91,86.2,2,0.63,1.37,149.2,0,0.91,-0.91,103.3,78.3,0.2,0.7,2018,21
17,WAT,3,2,0.75,0,0.13,0.88,2.12,106.8,2,0.74,1.26,127.0,3,2.25,0.75,41.8,28.5,1.5,0.7,2018,21
18,WHU,2,2,0.74,0,0.05,0.8,1.2,118.8,2,0.77,1.23,123.4,2,0.7,1.3,135.7,86.4,0.3,0.4,2018,21
19,WOL,0,0,0.32,0,0.15,0.47,-0.47,204.3,0,0.46,-0.46,208.7,2,1.9,0.1,50.5,43.6,0.8,0.3,2018,21
0,ARS,0,0,0.69,0,0.0,0.69,-0.69,136.2,0,0.61,-0.61,154.1,1,0.64,0.36,146.9,188.0,0.3,0.3,2018,22
1,BOU,0,0,1.2,0,0.72,1.92,-1.92,50.5,0,1.87,-1.87,51.9,2,0.99,1.01,98.0,485.0,0.4,0.5,2018,22
2,BHA,0,0,0.32,0,0.09,0.4,-0.4,240.0,0,0.38,-0.38,252.6,1,1.99,-0.99,48.2,87.3,1.1,0.1,2018,22
3,BUR,2,2,0.79,0,0.06,0.85,1.15,110.6,1,0.67,0.33,140.3,1,0.83,0.17,113.3,94.0,0.5,0.4,2018,22
4,CAR,0,0,0.06,0,0.08,0.14,-0.14,671.4,0,0.39,-0.39,241.0,0,0.56,-0.56,167.9,235.0,0.4,0.2,2018,22
5,CHE,2,2,1.17,0,0.15,1.32,0.68,72.0,2,0.94,1.06,101.1,1,0.46,0.54,206.5,237.5,0.4,0.1,2018,22
6,CRY,1,0,0.91,1,0.43,1.33,-0.33,72.2,0,0.85,-0.85,112.9,2,1.67,0.33,57.5,96.0,0.9,0.7,2018,22
7,EVE,2,1,0.45,1,0.54,0.99,1.01,98.0,2,0.79,1.21,122.8,0,1.92,-1.92,50.5,64.7,1.2,0.7,2018,22
8,FUL,1,1,0.45,0,0.38,0.83,0.17,113.3,1,0.88,0.12,106.8,2,0.85,1.15,110.6,inf,0.8,0.1,2018,22
9,HUD,0,0,0.35,0,0.21,0.56,-0.56,167.9,0,0.54,-0.54,174.1,0,0.14,-0.14,671.4,inf,0.1,0.1,2018,22
10,LEI,1,1,1.18,0,0.52,1.7,-0.7,55.9,1,1.43,-0.43,66.4,2,1.47,0.53,64.6,73.1,0.5,0.2,2018,22
11,LIV,1,0,1.09,0,0.11,1.99,-0.99,48.2,0,2.0,-2.0,48.0,0,0.4,-0.4,240.0,inf,0.3,0.1,2018,22
12,MCI,3,1,2.07,1,0.05,2.91,0.09,32.3,1,2.7,-1.7,34.8,0,0.14,-0.14,671.4,inf,0.1,0.1,2018,22
13,MUN,1,0,0.78,0,0.05,0.83,0.17,115.7,1,0.28,0.72,342.9,0,1.86,-1.86,51.6,64.0,1.3,0.5,2018,22
14,NEW,1,0,0.41,1,0.05,0.46,0.54,206.5,1,0.41,0.59,231.7,2,1.32,0.68,72.0,55.9,1.2,0.1,2018,22
15,SOU,2,1,0.51,0,0.17,1.47,0.53,64.6,0,0.46,-0.46,206.5,1,1.7,-0.7,55.9,59.4,1.2,0.5,2018,22
16,TOT,0,0,1.34,0,0.52,1.86,-1.86,51.6,0,1.48,-1.48,64.9,1,0.83,0.17,115.7,87.3,0.8,0.0,2018,22
17,WAT,2,0,0.94,2,0.73,1.67,0.33,57.5,1,0.51,0.49,188.2,1,1.33,-0.33,72.2,80.0,0.9,0.4,2018,22
18,WHU,1,0,0.3,1,0.34,0.64,0.36,146.9,1,0.69,0.31,136.2,0,0.69,-0.69,136.2,235.0,0.7,0.0,2018,22
19,WOL,0,0,0.08,0,0.07,0.14,-0.14,671.4,0,0.07,-0.07,1342.9,3,2.91,0.09,32.3,33.6,2.1,0.0,2018,22
0,ARS,2,0,0.82,2,0.72,1.54,0.46,63.0,2,1.33,0.67,72.9,0,0.92,-0.92,105.4,485.0,0.8,0.1,2018,23
1,BOU,2,1,0.91,0,0.19,1.1,0.9,85.5,1,0.79,0.21,119.0,0,1.29,-1.29,72.9,940.0,1.3,0.0,2018,23
2,BHA,1,1,0.54,0,0.22,0.76,0.24,126.3,1,0.62,0.38,154.8,2,2.45,-0.45,39.2,41.7,1.3,0.3,2018,23
3,BUR,0,0,1.47,0,0.38,1.85,-1.85,51.4,0,0.68,-0.68,139.7,0,1.31,-1.31,72.5,118.8,1.3,0.0,2018,23
4,CAR,0,0,0.15,0,0.15,0.31,-0.31,309.7,0,0.47,-0.47,204.3,3,2.04,0.96,47.1,34.3,1.4,0.7,2018,23
5,CHE,0,0,0.84,0,0.08,0.92,-0.92,105.4,0,1.44,-1.44,67.4,2,1.54,0.46,63.0,64.7,0.8,0.7,2018,23
6,CRY,3,2,0.51,1,0.16,0.67,2.33,144.8,3,0.4,2.6,242.5,4,2.59,1.41,37.5,26.9,2.1,0.4,2018,23
7,EVE,1,1,0.94,0,0.0,0.94,0.06,105.3,1,0.54,0.46,183.3,2,0.72,1.28,137.5,123.8,0.6,0.2,2018,23
8,FUL,1,1,0.65,1,0.28,0.93,0.07,102.2,0,0.59,-0.59,161.0,2,1.75,0.25,54.3,55.9,1.4,0.4,2018,23
9,HUD,0,0,0.9,0,0.0,0.9,-0.9,104.4,0,0.28,-0.28,335.7,3,1.97,1.03,47.7,42.7,1.7,0.2,2018,23
10,LEI,3,1,1.08,1,0.79,1.87,1.13,50.8,2,1.15,0.85,82.6,4,1.95,2.05,48.7,32.8,1.8,0.2,2018,23
11,LIV,4,3,2.15,1,0.44,2.59,1.41,37.5,2,1.34,0.66,72.4,3,0.67,2.33,144.8,88.2,0.5,0.2,2018,23
12,MCI,3,3,1.72,0,0.25,1.97,1.03,47.7,3,1.53,1.47,61.4,0,0.9,-0.9,104.4,940.0,0.9,0.0,2018,23
13,MUN,2,1,1.31,0,0.35,2.45,-0.45,39.2,1,0.59,0.41,162.7,1,0.76,0.24,126.3,96.0,0.5,0.2,2018,23
14,NEW,3,1,1.38,1,0.67,2.04,0.96,47.1,3,0.85,2.15,112.9,0,0.31,-0.31,309.7,inf,0.2,0.2,2018,23
15,SOU,2,2,0.56,0,0.15,0.72,1.28,137.5,0,0.83,-0.83,119.3,1,0.94,0.06,105.3,123.8,0.9,0.0,2018,23
16,TOT,2,2,1.4,0,0.35,1.75,0.25,54.3,2,2.03,-0.03,46.8,1,0.93,0.07,102.2,118.8,0.6,0.3,2018,23
17,WAT,0,0,1.31,0,0.0,1.31,-1.31,72.5,0,0.93,-0.93,102.2,0,1.85,-1.85,51.4,158.3,1.5,0.4,2018,23
18,WHU,0,0,1.29,0,0.0,1.29,-1.29,72.9,0,1.0,-1.0,94.0,2,1.1,0.9,85.5,47.0,0.9,0.2,2018,23
19,WOL,4,2,1.75,1,0.19,1.95,2.05,48.7,4,1.22,2.78,77.9,3,1.87,1.13,50.8,67.9,1.1,0.8,2018,23
0,ARS,2,1,1.66,0,0.13,2.57,-0.57,37.7,1,1.42,-0.42,68.3,1,0.81,0.19,119.8,138.6,0.5,0.3,2018,24
1,BOU,4,2,1.89,1,0.11,2.0,2.0,48.0,4,1.02,2.98,94.1,0,0.72,-0.72,133.3,73.8,0.6,0.1,2018,24
2,BHA,2,2,1.71,0,0.59,2.3,-0.3,41.7,2,0.68,1.32,141.2,4,3.64,0.36,26.4,33.1,3.3,0.4,2018,24
3,BUR,2,2,0.7,0,0.07,0.77,1.23,124.7,2,0.46,1.54,208.7,2,3.11,-1.11,30.9,36.9,1.5,0.9,2018,24
4,CAR,1,1,0.55,0,0.26,0.81,0.19,119.8,1,0.42,0.58,231.0,2,2.57,-0.57,37.7,57.1,1.7,0.1,2018,24
5,CHE,0,0,0.59,0,0.14,0.72,-0.72,133.3,0,1.57,-1.57,61.1,4,2.0,2.0,48.0,30.0,1.9,0.1,2018,24
6,CRY,1,1,0.36,0,0.72,1.08,-0.08,88.0,1,0.5,0.5,190.0,1,1.23,-0.23,77.2,73.1,1.1,0.1,2018,24
7,EVE,1,1,0.83,0,0.24,1.07,-0.07,89.7,0,0.4,-0.4,240.0,0,0.71,-0.71,135.2,137.1,0.5,0.2,2018,24
8,FUL,4,2,3.28,2,0.36,3.64,0.36,26.4,2,1.0,1.0,96.0,2,2.3,-0.3,41.7,41.7,1.7,0.6,2018,24
9,HUD,0,0,0.49,0,0.22,0.71,-0.71,135.2,0,0.8,-0.8,120.0,1,1.07,-0.07,89.7,87.3,0.8,0.2,2018,24
10,LEI,1,0,0.48,1,0.64,1.12,-0.12,84.8,1,0.64,0.36,148.4,1,0.58,0.42,163.8,86.4,0.4,0.2,2018,24
11,LIV,1,1,0.35,0,0.23,0.58,0.42,163.8,0,0.81,-0.81,117.3,1,1.12,-0.12,84.8,158.3,0.5,0.6,2018,24
12,MCI,1,1,0.95,0,0.45,1.39,-0.39,69.1,1,1.75,-0.75,54.9,2,1.1,0.9,87.3,73.8,0.2,0.1,2018,24
13,MUN,2,0,1.46,1,0.86,3.11,-1.11,30.9,0,2.69,-2.69,35.7,2,0.77,1.23,124.7,87.3,0.7,0.1,2018,24
14,NEW,2,1,0.23,0,0.08,1.1,0.9,87.3,1,0.26,0.74,369.2,1,1.39,-0.39,69.1,137.1,0.9,0.4,2018,24
15,SOU,1,1,1.12,0,0.12,1.23,-0.23,77.2,1,0.49,0.51,193.9,1,1.08,-0.08,88.0,316.7,0.4,0.7,2018,24
16,TOT,2,2,1.33,0,0.42,1.75,0.25,54.3,2,1.46,0.54,65.1,1,0.5,0.5,190.0,950.0,0.2,0.3,2018,24
17,WAT,1,0,0.24,1,0.26,0.5,0.5,190.0,0,0.22,-0.22,431.8,2,1.75,0.25,54.3,118.8,1.3,0.4,2018,24
18,WHU,0,0,0.16,0,0.0,0.16,-0.16,593.8,0,0.2,-0.2,475.0,3,2.24,0.76,42.4,39.6,1.7,0.5,2018,24
19,WOL,3,0,1.73,2,0.52,2.24,0.76,42.4,3,1.51,1.49,62.9,0,0.16,-0.16,593.8,inf,0.2,0.0,2018,24
0,ARS,1,0,0.14,1,0.54,0.67,0.33,140.3,1,0.65,0.35,144.6,3,2.65,0.35,35.5,27.6,2.4,0.2,2018,25
1,BOU,0,0,0.26,0,0.25,0.51,-0.51,186.3,0,0.7,-0.7,135.7,2,2.07,-0.07,45.9,41.3,1.1,0.2,2018,25
2,BHA,0,0,1.03,0,0.6,1.63,-1.63,57.1,0,1.14,-1.14,81.6,0,0.28,-0.28,332.1,inf,0.3,0.0,2018,25
3,BUR,1,0,0.99,0,0.62,2.39,-1.39,39.7,0,0.94,-0.94,101.1,1,0.74,0.26,128.4,118.8,0.7,0.0,2018,25
4,CAR,2,1,1.08,0,0.2,2.07,-0.07,45.9,1,0.74,0.26,128.4,0,0.51,-0.51,186.3,190.0,0.3,0.3,2018,25
5,CHE,5,3,1.63,1,0.19,2.6,2.4,36.2,4,1.68,2.32,56.0,0,0.28,-0.28,335.7,235.0,0.2,0.1,2018,25
6,CRY,2,1,1.05,0,0.42,2.26,-0.26,42.9,0,0.87,-0.87,111.5,0,0.6,-0.6,161.7,inf,0.5,0.1,2018,25
7,EVE,1,1,0.97,0,0.36,1.33,-0.33,147.4,1,0.89,0.11,220.2,5,3.73,1.27,52.5,54.4,2.5,0.4,2018,25
8,FUL,0,0,0.52,0,0.07,0.6,-0.6,161.7,0,0.59,-0.59,164.4,2,2.26,-0.26,42.9,42.2,1.1,0.4,2018,25
9,HUD,0,0,0.22,0,0.06,0.28,-0.28,335.7,0,0.24,-0.24,391.7,5,2.6,2.4,36.2,33.6,1.6,0.2,2018,25
10,LEI,0,0,0.9,0,0.57,1.46,-1.46,65.1,0,1.11,-1.11,85.6,1,1.26,-0.26,75.4,55.9,1.2,0.0,2018,25
11,LIV,1,1,0.84,0,0.27,1.11,-0.11,84.7,1,1.01,-0.01,93.1,1,0.8,0.2,117.5,104.4,0.4,0.4,2018,25
12,MCI,5,4,4.36,1,0.58,4.94,0.06,38.9,4,3.09,0.91,62.1,1,0.8,0.2,240.0,174.5,0.2,0.6,2018,25
13,MUN,1,1,1.22,0,0.03,1.26,-0.26,75.4,1,0.88,0.12,108.0,0,1.46,-1.46,65.1,86.4,0.9,0.6,2018,25
14,NEW,0,0,0.36,0,0.06,0.42,-0.42,226.2,0,0.24,-0.24,395.8,1,2.28,-1.28,41.7,316.7,1.1,1.1,2018,25
15,SOU,1,1,0.74,0,0.0,0.74,0.26,128.4,1,0.84,0.16,113.1,1,2.39,-1.39,39.7,52.8,1.0,0.6,2018,25
16,TOT,1,1,1.14,0,1.14,2.28,-1.28,41.7,1,1.95,-0.95,48.7,0,0.42,-0.42,226.2,237.5,0.4,0.1,2018,25
17,WAT,0,0,0.28,0,0.0,0.28,-0.28,332.1,0,0.32,-0.32,290.6,0,1.63,-1.63,57.1,51.7,1.0,0.6,2018,25
18,WHU,1,0,0.38,1,0.42,0.8,0.2,117.5,1,0.54,0.46,174.1,1,1.11,-0.11,84.7,72.3,0.8,0.3,2018,25
19,WOL,3,1,0.59,1,0.06,1.44,1.56,68.1,1,0.38,0.62,257.9,1,1.2,-0.2,81.7,140.0,0.9,0.3,2018,25
0,ARS,2,2,1.37,0,0.0,1.37,0.63,70.1,2,0.87,1.13,110.3,1,1.63,-0.63,58.9,60.0,1.4,0.2,2018,26
1,BOU,0,0,0.31,0,0.12,0.43,-0.43,220.9,0,0.45,-0.45,211.1,3,2.02,0.98,47.0,39.6,1.8,0.2,2018,26
2,BHA,1,0,0.59,1,0.57,1.16,-0.16,81.9,1,1.04,-0.04,91.3,3,2.07,0.93,45.9,45.2,1.0,0.2,2018,26
3,BUR,3,2,1.03,0,0.25,2.07,0.93,45.9,2,0.76,1.24,125.0,1,1.16,-0.16,81.9,95.0,0.6,0.6,2018,26
4,CAR,2,1,0.2,1,0.64,0.84,1.16,115.5,2,0.5,1.5,194.0,1,1.57,-0.57,61.8,69.3,0.9,0.7,2018,26
5,CHE,0,0,0.75,0,0.12,0.87,-0.87,108.0,0,0.68,-0.68,138.2,6,3.06,2.94,30.7,23.5,1.8,0.5,2018,26
6,CRY,1,1,2.24,0,0.42,2.66,-1.66,35.7,1,1.74,-0.74,54.6,1,1.67,-0.67,56.9,47.5,0.9,0.0,2018,26
7,EVE,0,0,0.37,0,0.35,0.72,-0.72,131.9,0,0.82,-0.82,115.9,1,1.28,-0.28,74.2,59.4,0.8,0.5,2018,26
8,FUL,0,0,2.01,0,0.27,2.28,-2.28,41.2,0,0.92,-0.92,102.2,3,1.9,1.1,49.5,39.2,1.0,0.1,2018,26
9,HUD,1,1,1.4,0,0.22,1.63,-0.63,58.9,0,0.42,-0.42,228.6,2,1.37,0.63,70.1,73.8,1.4,0.0,2018,26
10,LEI,1,1,2.2,0,0.36,3.35,-2.35,28.4,1,1.72,-0.72,55.2,3,1.08,1.92,88.0,59.4,0.8,0.2,2018,26
11,LIV,3,2,1.81,1,0.2,2.02,0.98,47.0,3,1.75,1.25,54.3,0,0.43,-0.43,220.9,316.7,0.3,0.1,2018,26
12,MCI,6,3,1.76,2,0.51,3.06,2.94,30.7,2,1.38,0.62,68.1,0,0.87,-0.87,108.0,104.4,0.7,0.1,2018,26
13,MUN,3,1,1.03,0,0.08,1.9,1.1,49.5,2,1.3,0.7,72.3,0,2.28,-2.28,41.2,94.0,2.0,0.3,2018,26
14,NEW,1,1,0.4,0,0.03,0.43,0.57,225.6,1,0.33,0.67,293.9,1,2.4,-1.4,40.4,74.6,1.8,0.6,2018,26
15,SOU,1,0,0.9,1,0.67,1.57,-0.57,61.8,1,0.63,0.37,154.0,2,0.84,1.16,115.5,57.1,0.2,0.6,2018,26
16,TOT,3,1,0.85,1,0.23,1.08,1.92,88.0,3,1.08,1.92,88.0,1,3.35,-2.35,28.4,25.7,2.2,0.4,2018,26
17,WAT,1,0,0.76,1,0.52,1.28,-0.28,74.2,1,1.21,-0.21,78.5,0,0.72,-0.72,131.9,105.6,0.4,0.4,2018,26
18,WHU,1,0,0.86,0,0.03,1.67,-0.67,56.9,0,1.07,-1.07,88.8,1,2.66,-1.66,35.7,95.0,2.2,0.4,2018,26
19,WOL,1,1,1.85,0,0.56,2.4,-1.4,40.4,1,1.16,-0.16,83.6,1,0.43,0.57,225.6,485.0,0.4,0.0,2018,26
0,ARS,2,2,2.05,0,0.11,2.16,-0.16,43.1,1,1.2,-0.2,77.5,0,0.82,-0.82,113.4,116.3,0.7,0.1,2018,27
1,BOU,1,0,0.64,0,0.16,2.38,-1.38,40.8,0,0.97,-0.97,100.0,1,1.53,-0.53,63.4,88.2,0.4,0.4,2018,27
2,BUR,2,1,0.97,1,0.34,1.31,0.69,72.5,2,0.34,1.66,279.4,1,0.89,0.11,106.7,63.3,0.5,0.4,2018,27
3,CAR,1,0,1.03,1,0.93,1.96,-0.96,48.0,0,0.8,-0.8,117.5,5,2.11,2.89,44.5,31.3,2.0,0.2,2018,27
4,CRY,4,2,0.9,0,0.07,1.75,2.25,54.3,3,0.48,2.52,197.9,1,1.19,-0.19,79.8,118.8,0.7,0.5,2018,27
5,FUL,1,1,1.3,0,0.0,1.3,-0.3,72.3,0,0.45,-0.45,208.9,3,2.85,0.15,33.0,34.8,0.8,2.0,2018,27
6,HUD,0,0,0.12,0,0.04,0.16,-0.16,587.5,0,0.24,-0.24,391.7,2,2.82,-0.82,33.3,37.6,2.2,0.6,2018,27
7,LEI,1,0,0.7,1,0.49,1.19,-0.19,79.8,1,0.72,0.28,131.9,4,1.75,2.25,54.3,41.3,0.9,0.1,2018,27
8,LIV,0,0,0.05,0,0.42,0.47,-0.47,197.9,0,0.66,-0.66,140.9,0,0.33,-0.33,281.8,186.0,0.2,0.1,2018,27
9,MUN,0,0,0.24,0,0.09,0.33,-0.33,281.8,0,1.05,-1.05,88.6,0,0.47,-0.47,197.9,186.0,0.0,0.4,2018,27
10,NEW,2,2,2.25,0,0.57,2.82,-0.82,33.3,2,2.2,-0.2,42.7,0,0.16,-0.16,587.5,940.0,0.1,0.0,2018,27
11,SOU,0,0,0.71,0,0.12,0.82,-0.82,113.4,0,0.56,-0.56,166.1,2,2.16,-0.16,43.1,48.9,2.0,0.1,2018,27
12,TOT,1,0,0.49,1,0.39,0.89,0.11,106.7,1,0.78,0.22,121.8,2,1.31,0.69,72.5,43.2,1.0,0.3,2018,27
13,WAT,5,3,1.96,0,0.16,2.11,2.89,44.5,5,1.1,3.9,85.5,1,1.96,-0.96,48.0,72.3,1.0,0.9,2018,27
14,WHU,3,1,0.84,2,2.01,2.85,0.15,33.0,3,1.41,1.59,66.7,1,1.3,-0.3,72.3,62.7,1.3,0.0,2018,27
15,WOL,1,0,0.39,0,0.35,1.53,-0.53,63.4,0,0.84,-0.84,115.5,1,2.38,-1.38,40.8,53.9,0.6,0.2,2018,27
0,ARS,5,2,2.08,2,0.39,2.48,2.52,37.5,4,1.72,2.28,54.1,1,0.91,0.09,102.2,93.0,0.8,0.1,2018,28
1,BOU,1,1,0.8,0,0.11,0.91,0.09,102.2,1,0.83,0.17,112.0,5,2.48,2.52,37.5,37.2,2.1,0.4,2018,28
2,BHA,1,1,0.83,0,0.42,1.25,-0.25,77.6,0,1.02,-1.02,95.1,2,1.76,0.24,55.1,97.0,1.7,0.1,2018,28
3,BUR,0,0,0.29,0,1.35,1.64,-1.64,59.8,0,0.8,-0.8,122.5,2,1.38,0.62,71.0,61.3,1.2,0.1,2018,28
4,CAR,0,0,0.22,0,0.12,0.34,-0.34,279.4,0,0.31,-0.31,306.5,3,0.97,2.03,97.9,73.1,0.9,0.1,2018,28
5,CHE,2,2,0.75,0,0.08,0.82,1.18,114.6,1,0.37,0.63,254.1,0,0.79,-0.79,119.0,inf,0.7,0.1,2018,28
6,CRY,1,1,1.48,0,0.22,1.71,-0.71,56.1,1,1.06,-0.06,90.6,3,0.98,2.02,98.0,87.3,0.4,0.6,2018,28
7,EVE,3,3,0.86,0,0.12,0.97,2.03,97.9,2,0.63,1.37,150.8,0,0.34,-0.34,279.4,inf,0.2,0.1,2018,28
8,FUL,0,0,0.8,0,0.01,0.82,-0.82,113.4,0,0.43,-0.43,216.3,2,1.34,0.66,69.4,103.3,0.7,0.6,2018,28
9,HUD,1,1,1.36,0,0.22,1.59,-0.59,59.1,0,0.61,-0.61,154.1,0,0.6,-0.6,156.7,inf,0.4,0.2,2018,28
10,LEI,2,1,1.71,0,0.05,1.76,0.24,55.1,2,0.96,1.04,101.0,1,1.25,-0.25,77.6,242.5,0.8,0.4,2018,28
11,LIV,5,3,1.39,2,0.57,1.96,3.04,48.0,5,1.37,3.63,68.6,0,0.34,-0.34,276.5,940.0,0.2,0.2,2018,28
12,MCI,1,0,2.58,0,0.16,3.53,-2.53,26.9,0,1.81,-1.81,52.5,0,0.35,-0.35,271.4,316.7,0.4,0.0,2018,28
13,MUN,3,2,0.43,1,0.56,0.98,2.02,98.0,3,0.87,2.13,110.3,1,1.71,-0.71,56.1,106.7,1.5,0.2,2018,28
14,NEW,2,2,1.23,0,0.15,1.38,0.62,71.0,1,0.43,0.57,227.9,0,1.64,-1.64,59.8,108.9,0.3,1.3,2018,28
15,SOU,2,1,0.75,1,0.59,1.34,0.66,69.4,0,0.83,-0.83,112.0,0,0.82,-0.82,113.4,116.3,0.8,0.0,2018,28
16,TOT,0,0,0.69,0,0.1,0.79,-0.79,119.0,0,0.57,-0.57,164.9,2,0.82,1.18,114.6,134.3,0.7,0.1,2018,28
17,WAT,0,0,0.16,0,0.18,0.34,-0.34,276.5,0,0.51,-0.51,184.3,5,1.96,3.04,48.0,33.6,1.4,0.6,2018,28
18,WHU,0,0,0.35,0,0.0,0.35,-0.35,271.4,0,0.58,-0.58,163.8,1,3.53,-2.53,26.9,59.4,2.6,0.2,2018,28
19,WOL,0,0,0.36,0,0.24,0.6,-0.6,156.7,0,0.35,-0.35,268.6,1,1.59,-0.59,59.1,85.5,1.4,0.2,2018,28
0,ARS,1,0,1.64,0,0.14,2.57,-1.57,37.7,1,1.32,-0.32,73.5,1,1.6,-0.6,60.6,57.1,0.7,0.2,2018,29
1,BOU,0,0,0.0,0,0.0,0.0,0.0,inf,0,0.02,-0.02,4750.0,1,1.21,-0.21,78.5,158.3,0.7,0.5,2018,29
2,BHA,1,0,0.58,1,0.6,1.17,-0.17,81.2,1,1.0,0.0,95.0,0,0.23,-0.23,413.0,190.0,0.2,0.0,2018,29
3,BUR,1,1,1.7,0,0.47,2.17,-1.17,44.2,1,1.63,-0.63,58.9,3,0.49,2.51,195.9,120.0,0.4,0.1,2018,29
4,CAR,0,0,0.22,0,0.37,0.59,-0.59,159.3,0,0.83,-0.83,113.3,2,2.86,-0.86,32.9,30.3,2.3,0.6,2018,29
5,CHE,2,2,1.1,0,0.13,1.23,0.77,78.9,2,1.27,0.73,76.4,1,0.78,0.22,124.4,64.7,0.5,0.3,2018,29
6,CRY,3,3,0.43,0,0.07,0.49,2.51,195.9,2,0.42,1.58,228.6,1,2.17,-1.17,44.2,87.3,1.7,0.5,2018,29
7,EVE,0,0,0.15,0,0.19,0.34,-0.34,276.5,0,0.36,-0.36,261.1,0,1.11,-1.11,84.7,104.4,0.7,0.4,2018,29
8,FUL,1,0,0.51,1,0.27,0.78,0.22,124.4,1,0.75,0.25,129.3,2,1.23,0.77,78.9,80.8,1.1,0.1,2018,29
9,HUD,0,0,0.23,0,0.0,0.23,-0.23,413.0,0,0.14,-0.14,678.6,1,1.17,-0.17,81.2,237.5,0.6,0.6,2018,29
10,LEI,1,1,0.66,0,0.27,0.94,0.06,101.1,1,1.05,-0.05,90.5,2,0.87,1.13,109.2,135.7,0.3,0.5,2018,29
11,LIV,0,0,0.67,0,0.45,1.11,-1.11,84.7,0,2.65,-2.65,35.5,0,0.34,-0.34,276.5,470.0,0.2,0.2,2018,29
12,MCI,1,1,0.68,0,0.54,1.21,-0.21,78.5,1,1.1,-0.1,86.4,0,0.0,0.0,inf,inf,0.0,0.0,2018,29
13,MUN,3,3,1.01,0,0.43,2.23,0.77,43.5,2,0.84,1.16,115.5,2,0.43,1.57,225.6,107.8,0.1,0.3,2018,29
14,NEW,0,0,0.96,0,0.14,1.11,-1.11,83.8,0,1.05,-1.05,88.6,2,1.96,0.04,47.4,54.7,0.8,0.3,2018,29
15,SOU,2,1,0.14,1,0.29,0.43,1.57,225.6,1,0.73,0.27,132.9,3,2.23,0.77,43.5,38.8,1.0,0.4,2018,29
16,TOT,1,0,0.65,0,0.16,1.6,-0.6,60.6,0,0.44,-0.44,220.5,1,2.57,-1.57,37.7,51.1,1.6,0.1,2018,29
17,WAT,2,1,0.34,1,0.53,0.87,1.13,109.2,2,0.55,1.45,172.7,1,0.94,0.06,101.1,237.5,0.7,0.3,2018,29
18,WHU,2,0,0.84,1,0.33,1.96,0.04,47.4,1,0.8,0.2,116.3,0,1.11,-1.11,83.8,186.0,1.0,0.1,2018,29
19,WOL,2,2,2.26,0,0.6,2.86,-0.86,32.9,2,1.43,0.57,65.7,0,0.59,-0.59,159.3,940.0,0.2,0.4,2018,29
0,ARS,2,1,0.69,0,0.22,1.7,0.3,56.5,1,0.66,0.34,145.5,0,2.35,-2.35,40.9,80.0,2.3,0.1,2018,30
1,BOU,2,2,1.78,0,0.11,1.89,0.11,49.7,2,1.16,0.84,81.0,0,0.35,-0.35,268.6,940.0,0.3,0.1,2018,30
2,BHA,2,1,0.16,0,0.0,0.16,1.84,600.0,2,0.18,1.82,533.3,1,1.52,-0.52,63.2,68.6,0.6,0.2,2018,30
3,BUR,2,1,0.44,1,0.0,0.44,1.56,213.6,1,0.58,0.42,162.1,4,4.03,-0.03,23.3,27.6,3.9,0.1,2018,30
4,CAR,2,2,3.06,0,0.45,3.52,-1.52,27.6,1,1.61,-0.61,60.2,0,0.34,-0.34,285.3,121.3,0.3,0.0,2018,30
5,CHE,1,0,0.78,1,0.33,1.11,-0.11,85.6,1,0.94,0.06,101.1,1,0.54,0.46,175.9,105.6,0.5,0.0,2018,30
6,CRY,1,0,0.57,0,0.17,1.52,-0.52,63.2,0,0.85,-0.85,112.9,2,0.16,1.84,600.0,87.3,0.2,0.0,2018,30
7,EVE,2,2,1.1,0,0.0,1.1,0.9,87.3,1,0.48,0.52,200.0,3,2.47,0.53,38.9,36.9,1.3,0.3,2018,30
8,FUL,1,1,0.22,0,0.0,0.22,0.78,431.8,1,0.17,0.83,558.8,3,2.04,0.96,46.6,27.9,2.0,0.0,2018,30
9,HUD,0,0,0.28,0,0.06,0.35,-0.35,268.6,0,0.57,-0.57,164.9,2,1.89,0.11,49.7,58.8,1.8,0.1,2018,30
10,LEI,3,2,2.01,0,0.03,2.04,0.96,46.6,3,1.14,1.86,83.3,1,0.22,0.78,431.8,135.7,0.2,0.0,2018,30
11,LIV,4,4,3.92,0,0.11,4.03,-0.03,23.3,1,1.65,-0.65,57.0,2,0.44,1.56,213.6,134.3,0.4,0.0,2018,30
12,MCI,3,3,3.4,0,0.2,3.6,-0.6,26.4,2,2.7,-0.7,35.2,1,0.17,0.83,558.8,950.0,0.0,0.2,2018,30
13,MUN,0,0,2.27,0,0.09,2.35,-2.35,40.9,0,1.33,-1.33,72.2,2,1.7,0.3,56.5,87.3,0.7,0.2,2018,30
14,NEW,3,2,1.34,1,0.34,2.47,0.53,38.9,2,1.33,0.67,72.2,2,1.1,0.9,87.3,64.0,1.1,0.0,2018,30
15,SOU,2,1,2.01,1,0.09,2.09,-0.09,45.5,1,0.87,0.13,109.2,1,1.29,-0.29,73.6,59.4,1.1,0.2,2018,30
16,TOT,1,0,1.11,0,0.18,1.29,-0.29,73.6,1,0.7,0.3,135.7,2,2.09,-0.09,45.5,73.1,2.0,0.1,2018,30
17,WAT,1,0,0.0,1,0.17,0.17,0.83,558.8,1,0.13,0.87,730.8,3,3.6,-0.6,26.4,39.6,3.4,0.2,2018,30
18,WHU,0,0,0.34,0,0.0,0.34,-0.34,285.3,0,0.42,-0.42,231.0,2,3.52,-1.52,27.6,19.8,3.1,0.5,2018,30
19,WOL,1,0,0.51,0,0.03,0.54,0.46,175.9,1,0.37,0.63,256.8,1,1.11,-0.11,85.6,67.9,0.8,0.3,2018,30
0,BOU,2,1,0.2,0,0.34,1.32,0.68,72.0,1,0.48,0.52,197.9,2,1.12,0.88,84.8,135.7,1.0,0.1,2018,31
1,BUR,1,1,0.8,0,0.26,1.06,-0.06,89.6,1,1.31,-0.31,72.5,2,0.9,1.1,105.6,105.6,0.5,0.4,2018,31
2,CHE,0,0,1.13,0,0.34,1.48,-1.48,64.9,0,1.22,-1.22,78.7,2,2.3,-0.3,41.7,25.9,0.7,0.8,2018,31
3,EVE,2,0,0.67,2,0.84,2.3,-0.3,41.7,0,0.51,-0.51,188.2,0,1.48,-1.48,64.9,137.1,1.1,0.3,2018,31
4,FUL,1,1,1.1,0,0.0,1.1,-0.1,85.5,0,0.21,-0.21,447.6,2,2.62,-0.62,35.9,44.8,1.6,0.2,2018,31
5,HUD,3,1,0.93,2,0.4,1.33,1.67,72.2,2,0.35,1.65,274.3,4,1.78,2.22,53.9,64.0,0.3,0.7,2018,31
6,LEI,2,0,0.5,2,0.4,0.9,1.1,105.6,0,0.8,-0.8,118.8,1,1.06,-0.06,89.6,105.6,0.8,0.3,2018,31
7,LIV,2,1,1.63,0,0.21,2.62,-0.62,35.9,1,1.85,-0.85,50.8,1,1.1,-0.1,85.5,85.5,1.1,0.0,2018,31
8,NEW,2,1,1.02,1,0.1,1.12,0.88,84.8,1,0.42,0.58,226.2,2,1.32,0.68,72.0,73.1,0.2,0.3,2018,31
9,WHU,4,0,0.32,3,0.67,1.78,2.22,53.9,3,1.54,1.46,62.3,3,1.33,1.67,72.2,50.5,0.9,0.4,2018,31
0,ARS,2,2,0.75,0,0.05,0.81,1.19,117.3,1,1.31,-0.31,72.5,0,0.1,-0.1,950.0,316.7,0.1,0.0,2018,32
1,BOU,0,0,0.78,0,0.02,0.8,-0.8,117.5,0,0.54,-0.54,174.1,2,1.35,0.65,69.6,188.0,1.1,0.2,2018,32
2,BHA,0,0,0.79,0,0.32,1.11,-1.11,170.3,0,1.5,-1.5,126.0,4,3.41,0.59,55.4,55.6,3.0,0.5,2018,32
3,BUR,2,1,0.13,1,0.42,0.55,1.45,170.9,1,0.28,0.72,335.7,0,0.53,-0.53,177.4,313.3,0.4,0.1,2018,32
4,CAR,1,0,0.2,1,0.45,0.65,0.35,293.8,1,0.55,0.45,347.3,4,5.06,-1.06,37.7,43.4,3.6,1.4,2018,32
5,CHE,5,4,3.48,1,1.07,4.55,0.45,42.2,5,3.37,1.63,57.0,1,0.91,0.09,211.0,320.0,0.5,0.4,2018,32
6,CRY,2,1,1.95,0,0.32,3.06,-1.06,61.8,1,1.24,-0.24,152.4,2,3.19,-1.19,59.2,85.9,2.6,0.6,2018,32
7,EVE,2,1,1.57,1,0.24,1.82,0.18,51.6,2,1.3,0.7,72.3,0,0.1,-0.1,940.0,940.0,0.1,0.0,2018,32
8,FUL,1,1,1.48,0,0.68,2.16,-1.16,88.0,1,1.95,-0.95,97.4,6,3.01,2.99,63.1,50.0,2.3,0.7,2018,32
9,HUD,0,0,0.95,0,0.12,1.06,-1.06,89.6,0,0.46,-0.46,206.5,2,2.73,-0.73,34.8,41.3,1.8,0.2,2018,32
10,LEI,2,1,1.12,1,0.22,1.35,0.65,69.6,2,0.96,1.04,97.9,0,0.8,-0.8,117.5,134.3,0.8,0.0,2018,32
11,LIV,2,1,0.83,1,0.23,1.05,0.95,92.4,1,1.17,-0.17,82.9,1,0.75,0.25,129.3,121.3,0.4,0.3,2018,32
12,MCI,4,3,3.6,1,1.38,4.98,-0.98,37.8,4,3.07,0.93,61.2,0,0.62,-0.62,303.2,inf,0.2,0.4,2018,32
13,MUN,3,2,3.12,0,0.38,3.5,-0.5,54.6,2,2.26,-0.26,84.5,3,3.31,-0.31,57.7,68.2,3.1,0.2,2018,32
14,NEW,0,0,0.1,0,0.0,0.1,-0.1,950.0,0,0.19,-0.19,500.0,2,0.81,1.19,117.3,135.7,0.8,0.1,2018,32
15,SOU,1,1,0.67,0,0.06,0.72,0.28,131.9,1,0.67,0.33,141.8,0,0.7,-0.7,135.7,950.0,0.4,0.3,2018,32
16,TOT,3,2,2.05,1,0.82,2.87,0.13,66.6,2,2.42,-0.42,78.9,2,1.38,0.62,138.4,382.0,1.0,0.4,2018,32
17,WAT,5,4,2.61,1,0.1,2.71,2.29,70.1,4,2.54,1.46,74.8,3,3.31,-0.31,57.4,45.2,2.8,0.5,2018,32
18,WHU,0,0,0.1,0,0.05,0.1,-0.1,940.0,0,0.21,-0.21,447.6,2,1.82,0.18,51.6,34.8,1.6,0.2,2018,32
19,WOL,2,2,2.06,0,0.3,2.36,-0.36,80.5,1,1.72,-0.72,110.5,3,2.43,0.57,78.2,118.8,1.8,0.7,2018,32
0,ARS,0,0,0.24,0,0.1,0.35,-0.35,274.3,0,0.39,-0.39,246.2,1,2.45,-1.45,39.2,60.0,1.5,0.9,2018,33
1,BOU,1,0,0.92,1,0.22,1.14,-0.14,84.2,0,1.06,-1.06,90.6,3,1.25,1.75,76.8,68.6,0.6,0.7,2018,33
2,BUR,3,2,0.56,1,0.69,1.25,1.75,76.8,2,0.88,1.12,109.1,1,1.14,-0.14,84.2,320.0,0.9,0.2,2018,33
3,CHE,2,2,1.76,0,0.13,1.89,0.11,49.7,2,1.46,0.54,64.4,0,0.61,-0.61,154.1,235.0,0.3,0.3,2018,33
4,CRY,1,0,0.13,0,0.0,0.92,0.08,106.5,0,0.69,-0.69,142.0,0,0.93,-0.93,105.4,245.0,0.6,0.4,2018,33
5,EVE,1,0,1.52,1,0.93,2.45,-1.45,39.2,0,1.11,-1.11,86.5,0,0.35,-0.35,274.3,960.0,0.2,0.1,2018,33
6,HUD,1,0,0.76,0,0.11,1.66,-0.66,56.6,0,0.72,-0.72,130.6,4,3.5,0.5,26.9,20.0,2.3,0.4,2018,33
7,LEI,4,1,2.27,2,0.44,3.5,0.5,26.9,1,0.64,0.36,146.9,1,1.66,-0.66,56.6,49.5,0.8,0.1,2018,33
8,LIV,3,2,1.77,0,0.1,1.87,1.13,50.8,3,1.83,1.17,51.9,1,0.89,0.11,106.7,105.6,0.5,0.4,2018,33
9,NEW,0,0,0.58,0,0.36,0.93,-0.93,105.4,0,0.96,-0.96,102.1,1,0.92,0.08,106.5,98.0,0.1,0.0,2018,33
10,SOU,1,1,0.54,0,0.35,0.89,0.11,106.7,1,0.59,0.41,161.0,3,1.87,1.13,50.8,52.8,1.8,0.1,2018,33
11,WHU,0,0,0.28,0,0.33,0.61,-0.61,154.1,0,0.48,-0.48,195.8,2,1.89,0.11,49.7,34.8,1.8,0.1,2018,33
0,ARS,1,1,2.35,0,0.06,2.4,-1.4,39.2,0,1.69,-1.69,55.6,0,0.95,-0.95,98.9,156.7,0.7,0.3,2018,34
1,BOU,5,4,2.45,0,0.02,2.47,2.53,38.5,5,2.14,2.86,44.4,0,0.29,-0.29,327.6,475.0,0.2,0.1,2018,34
2,BHA,0,0,0.64,0,0.29,0.93,-0.93,204.3,0,1.33,-1.33,142.9,7,3.36,3.64,56.5,44.2,2.6,0.8,2018,34
3,BUR,2,1,1.63,1,1.05,2.68,-0.68,35.4,1,1.15,-0.15,82.6,0,0.9,-0.9,105.6,950.0,0.7,0.2,2018,34
4,CAR,2,1,0.9,1,0.9,1.79,0.21,106.1,2,1.16,0.84,163.8,2,3.32,-1.32,57.2,67.9,2.1,1.3,2018,34
5,CHE,0,0,0.66,0,0.07,0.73,-0.73,128.8,0,0.55,-0.55,170.9,2,1.22,0.78,77.0,58.8,1.1,0.2,2018,34
6,CRY,1,0,0.18,1,0.19,0.36,0.64,261.1,0,0.32,-0.32,293.8,3,2.55,0.45,36.9,34.8,2.5,0.0,2018,34
7,EVE,0,0,0.96,0,0.09,1.05,-1.05,95.2,0,0.92,-0.92,108.7,2,1.54,0.46,64.9,62.5,1.3,0.3,2018,34
8,FUL,2,1,1.25,0,0.29,1.54,0.46,64.9,2,0.76,1.24,131.6,0,1.05,-1.05,95.2,inf,1.0,0.1,2018,34
9,HUD,0,0,0.53,0,0.24,0.78,-0.78,120.5,0,0.64,-0.64,146.9,4,2.52,1.48,37.3,55.3,2.0,0.5,2018,34
10,LEI,0,0,0.9,0,0.11,1.01,-1.01,95.0,0,1.19,-1.19,80.7,1,1.12,-0.12,85.7,64.0,1.0,0.1,2018,34
11,LIV,2,2,1.06,0,0.16,1.22,0.78,77.0,2,1.46,0.54,64.4,0,0.73,-0.73,128.8,235.0,0.7,0.1,2018,34
12,MCI,3,1,2.53,0,0.02,2.55,0.45,36.9,3,2.14,0.86,43.9,1,0.36,0.64,261.1,117.5,0.2,0.2,2018,34
13,MUN,2,0,0.47,0,0.42,2.47,-0.47,38.9,0,1.06,-1.06,90.6,1,1.41,-0.41,68.1,64.0,1.0,0.4,2018,34
14,NEW,1,1,1.02,0,0.09,1.12,-0.12,85.7,1,0.53,0.47,181.1,0,1.01,-1.01,95.0,120.0,0.9,0.1,2018,34
15,SOU,3,2,1.72,1,1.19,2.91,0.09,32.6,3,1.48,1.52,64.2,1,0.76,0.24,125.0,190.0,0.3,0.5,2018,34
16,TOT,4,4,2.03,0,0.49,2.52,1.48,37.3,4,1.44,2.56,65.3,0,0.78,-0.78,120.5,313.3,0.5,0.2,2018,34
17,WAT,0,0,0.7,0,0.26,0.95,-0.95,98.9,0,0.45,-0.45,208.9,1,2.4,-1.4,39.2,58.8,2.3,0.1,2018,34
18,WHU,1,1,1.02,0,0.38,1.41,-0.41,68.1,1,1.31,-0.31,73.3,2,2.47,-0.47,38.9,45.7,0.5,0.4,2018,34
19,WOL,1,0,0.31,1,0.45,0.76,0.24,125.0,1,0.49,0.51,193.9,3,2.91,0.09,32.6,27.9,1.7,1.2,2018,34
0,ARS,3,2,1.34,1,0.69,2.03,0.97,94.6,2,2.16,-0.16,88.9,6,2.83,3.17,67.8,120.0,0.7,2.1,2018,35
1,BOU,0,0,1.81,0,0.5,2.3,-2.3,42.2,0,0.8,-0.8,121.3,1,2.55,-1.55,38.0,40.4,1.3,0.5,2018,35
2,BHA,0,0,0.24,0,0.3,0.54,-0.54,350.0,0,0.25,-0.25,756.0,1,4.13,-3.13,45.8,67.5,2.4,1.7,2018,35
3,BUR,2,0,0.13,2,0.56,0.7,1.3,138.6,1,0.33,0.67,293.9,2,1.34,0.66,72.4,97.0,1.2,0.1,2018,35
4,CAR,0,0,0.16,0,0.99,1.15,-1.15,81.7,0,0.45,-0.45,208.9,2,3.0,-1.0,31.3,34.8,1.7,0.5,2018,35
5,CHE,2,2,1.23,0,0.11,1.34,0.66,72.4,2,1.79,0.21,54.2,2,0.7,1.3,138.6,97.0,0.1,0.6,2018,35
6,CRY,3,0,0.47,3,1.14,1.61,1.39,60.2,3,0.86,2.14,112.8,2,1.25,0.75,77.6,97.0,0.9,0.4,2018,35
7,EVE,4,1,0.63,2,0.95,1.58,2.42,60.1,3,0.89,2.11,106.7,0,0.34,-0.34,279.4,475.0,0.3,0.0,2018,35
8,FUL,1,0,1.31,0,0.45,2.55,-1.55,38.0,0,0.94,-0.94,103.2,0,2.3,-2.3,42.2,60.6,1.8,0.5,2018,35
9,HUD,1,1,0.76,0,0.26,1.02,-0.02,92.2,1,0.41,0.59,229.3,2,0.89,1.11,105.6,52.2,0.8,0.1,2018,35
10,LEI,2,2,0.79,0,0.09,0.88,1.12,109.1,2,0.85,1.15,112.9,2,1.21,0.79,79.3,87.3,1.1,0.1,2018,35
11,LIV,2,0,1.7,1,0.51,3.0,-1.0,31.3,1,1.66,-0.66,56.6,0,1.15,-1.15,81.7,134.3,0.2,1.0,2018,35
12,MCI,3,2,2.3,0,0.11,2.42,0.58,78.5,3,2.5,0.5,76.0,0,1.46,-1.46,130.1,146.2,1.2,0.2,2018,35
13,MUN,0,0,0.67,0,0.17,0.84,-0.84,226.2,0,0.92,-0.92,206.5,6,2.1,3.9,90.5,65.5,1.1,1.0,2018,35
14,NEW,3,3,0.92,0,0.62,1.55,1.45,61.9,3,0.78,2.22,123.1,1,1.2,-0.2,80.0,160.0,0.7,0.5,2018,35
15,SOU,2,2,2.54,0,0.61,3.16,-1.16,60.8,1,2.12,-1.12,90.6,4,2.82,1.18,68.1,96.0,2.2,0.6,2018,35
16,TOT,1,1,1.72,0,0.59,2.31,-1.31,82.3,1,1.56,-0.56,121.8,1,2.21,-1.21,86.0,105.6,1.9,0.3,2018,35
17,WAT,3,3,2.09,0,0.06,2.16,0.84,88.0,1,1.61,-0.61,118.0,2,2.97,-0.97,64.0,76.0,2.6,0.3,2018,35
18,WHU,2,2,1.11,0,0.1,1.21,0.79,79.3,1,1.14,-0.14,84.2,2,0.88,1.12,109.1,73.8,0.8,0.1,2018,35
19,WOL,3,1,1.77,2,2.23,3.99,-0.99,47.4,1,2.05,-1.05,92.2,1,1.0,0.0,189.0,1890.0,0.6,0.4,2018,35
0,ARS,0,0,0.6,0,0.0,0.6,-0.6,158.3,0,0.33,-0.33,287.9,3,3.31,-0.31,28.7,22.6,3.1,0.2,2018,36
1,BOU,3,0,1.89,1,0.43,2.32,0.68,41.4,2,1.02,0.98,94.1,3,2.68,0.32,35.8,36.9,2.2,0.5,2018,36
2,BHA,1,1,0.79,0,0.48,1.27,-0.27,74.0,1,1.29,-0.29,72.9,1,0.43,0.57,218.6,235.0,0.3,0.2,2018,36
3,BUR,0,0,0.04,0,0.05,0.09,-0.09,1066.7,0,0.14,-0.14,685.7,1,2.6,-1.6,36.9,80.0,2.5,0.1,2018,36
4,CAR,0,0,0.89,0,0.28,1.16,-1.16,82.8,0,0.62,-0.62,154.8,1,0.48,0.52,200.0,137.1,0.5,0.0,2018,36
5,CHE,1,1,1.49,0,0.25,1.74,-0.74,56.3,0,1.18,-1.18,83.1,1,1.13,-0.13,86.7,81.7,0.8,0.3,2018,36
6,CRY,0,0,0.15,0,0.15,0.3,-0.3,313.3,0,0.19,-0.19,494.7,0,1.47,-1.47,63.9,470.0,1.1,0.4,2018,36
7,EVE,0,0,1.11,0,0.36,1.47,-1.47,63.9,0,0.82,-0.82,114.6,0,0.3,-0.3,313.3,inf,0.2,0.1,2018,36
8,FUL,1,1,0.48,0,0.0,0.48,0.52,200.0,1,0.66,0.34,145.5,0,1.16,-1.16,82.8,60.0,0.9,0.3,2018,36
9,HUD,0,0,0.16,0,0.05,0.21,-0.21,447.6,0,0.09,-0.09,1044.4,5,3.14,1.86,29.9,28.5,3.0,0.1,2018,36
10,LEI,3,3,3.14,0,0.17,3.31,-0.31,28.7,2,1.54,0.46,61.7,0,0.6,-0.6,158.3,316.7,0.6,0.0,2018,36
11,LIV,5,5,3.0,0,0.14,3.14,1.86,29.9,5,2.28,2.72,41.2,0,0.21,-0.21,447.6,470.0,0.2,0.1,2018,36
12,MCI,1,1,2.53,0,0.07,2.6,-1.6,36.9,0,1.63,-1.63,58.9,0,0.09,-0.09,1066.7,inf,0.0,0.0,2018,36
13,MUN,1,1,0.78,0,0.35,1.13,-0.13,86.7,1,1.3,-0.3,75.4,1,1.74,-0.74,56.3,57.6,1.5,0.3,2018,36
14,NEW,1,1,0.26,0,0.17,0.43,0.57,218.6,1,0.61,0.39,154.1,1,1.27,-0.27,74.0,94.0,0.8,0.5,2018,36
15,SOU,3,3,2.22,0,0.46,2.68,0.32,35.8,3,1.37,1.63,70.1,3,2.32,0.68,41.4,40.0,1.9,0.4,2018,36
16,TOT,0,0,1.48,0,0.07,1.55,-1.55,61.3,0,1.14,-1.14,83.3,1,1.11,-0.11,85.6,47.5,1.0,0.1,2018,36
17,WAT,1,1,0.54,0,0.32,0.85,0.15,115.3,0,0.54,-0.54,181.5,2,2.06,-0.06,47.6,122.5,1.8,0.3,2018,36
18,WHU,1,1,1.01,0,0.09,1.11,-0.11,85.6,1,0.52,0.48,182.7,0,1.55,-1.55,61.3,55.9,1.5,0.1,2018,36
19,WOL,2,2,1.75,1,0.31,2.06,-0.06,47.6,2,1.66,0.34,59.0,1,0.85,0.15,115.3,163.3,0.5,0.3,2018,36
0,ARS,1,0,1.23,0,0.42,2.44,-1.44,38.5,0,1.05,-1.05,89.5,1,1.94,-0.94,48.5,58.8,1.1,0.1,2018,37
1,BOU,1,0,1.03,1,0.65,1.68,-0.68,57.1,1,1.26,-0.26,76.2,0,0.75,-0.75,128.0,87.3,0.7,0.1,2018,37
2,BHA,1,0,1.06,0,0.1,1.94,-0.94,48.5,0,1.02,-1.02,92.2,1,2.44,-1.44,38.5,42.7,1.2,0.4,2018,37
3,BUR,0,0,0.17,0,0.17,0.34,-0.34,276.5,0,0.8,-0.8,117.5,2,1.68,0.32,56.0,55.3,1.6,0.1,2018,37
4,CAR,2,1,1.29,0,0.59,1.88,0.12,50.0,1,1.28,-0.28,73.4,3,1.6,1.4,58.8,55.3,1.4,0.2,2018,37
5,CHE,3,1,2.05,2,0.26,2.31,0.69,40.7,3,1.41,1.59,66.7,0,1.73,-1.73,54.3,104.4,0.7,1.0,2018,37
6,CRY,3,3,1.39,0,0.21,1.6,1.4,58.8,2,1.51,0.49,62.3,2,1.88,0.12,50.0,52.2,1.3,0.6,2018,37
7,EVE,2,2,1.56,0,0.12,1.68,0.32,56.0,0,0.54,-0.54,174.1,0,0.34,-0.34,276.5,470.0,0.2,0.2,2018,37
8,FUL,0,0,0.48,0,0.04,0.52,-0.52,180.8,0,0.28,-0.28,335.7,1,2.02,-1.02,46.5,52.2,1.0,1.0,2018,37
9,HUD,1,0,0.94,0,0.05,0.99,0.01,100.0,1,0.27,0.73,366.7,1,1.81,-0.81,54.7,66.0,1.4,0.4,2018,37
10,LEI,0,0,0.51,0,0.0,0.51,-0.51,186.3,0,0.12,-0.12,791.7,1,1.01,-0.01,94.1,135.7,0.5,0.6,2018,37
11,LIV,3,1,0.85,2,0.38,1.23,1.77,80.5,3,1.35,1.65,73.3,2,1.47,0.53,67.3,58.2,1.4,0.1,2018,37
12,MCI,1,1,0.45,0,0.56,1.01,-0.01,94.1,1,1.04,-0.04,91.3,0,0.51,-0.51,186.3,inf,0.5,0.0,2018,37
13,MUN,1,1,1.4,0,0.41,1.81,-0.81,54.7,0,1.73,-1.73,57.2,1,0.99,0.01,100.0,123.8,0.9,0.0,2018,37
14,NEW,2,1,1.37,1,0.1,1.47,0.53,67.3,1,0.26,0.74,380.8,3,1.23,1.77,80.5,76.2,0.9,0.4,2018,37
15,SOU,0,0,0.32,0,0.17,0.49,-0.49,191.8,0,0.45,-0.45,208.9,3,1.96,1.04,48.0,49.5,1.9,0.1,2018,37
16,TOT,0,0,0.66,0,0.09,0.75,-0.75,128.0,0,0.54,-0.54,177.8,1,1.68,-0.68,57.1,87.3,1.0,0.7,2018,37
17,WAT,0,0,0.71,0,1.02,1.73,-1.73,54.3,0,0.9,-0.9,104.4,3,2.31,0.69,40.7,55.3,2.1,0.3,2018,37
18,WHU,3,3,1.91,0,0.06,1.96,1.04,48.0,1,0.57,0.43,164.9,0,0.49,-0.49,191.8,940.0,0.3,0.2,2018,37
19,WOL,1,1,0.99,0,1.02,2.02,-1.02,46.5,1,1.82,-0.82,51.6,0,0.52,-0.52,180.8,940.0,0.5,0.0,2018,37
0,ARS,3,3,2.13,0,0.56,2.69,0.31,35.3,2,1.98,0.02,48.0,1,1.68,-0.68,56.5,55.9,1.4,0.3,2018,38
1,BOU,3,2,1.18,1,0.64,1.82,1.18,53.3,3,1.01,1.99,96.0,5,2.88,2.12,33.7,26.9,2.9,0.0,2018,38
2,BHA,1,0,0.04,1,0.42,0.47,0.53,197.9,1,0.29,0.71,320.7,4,1.63,2.37,57.1,35.8,1.2,0.4,2018,38
3,BUR,1,1,1.38,0,0.3,1.68,-0.68,56.5,1,2.11,-1.11,45.0,3,2.69,0.31,35.3,45.2,2.1,0.6,2018,38
4,CAR,2,0,0.27,1,0.57,1.63,0.37,58.3,1,0.66,0.34,143.9,0,1.53,-1.53,62.1,55.9,1.2,0.3,2018,38
5,CHE,0,0,1.53,0,0.0,1.53,-1.53,61.4,0,1.39,-1.39,67.6,0,0.39,-0.39,241.0,313.3,0.2,0.2,2018,38
6,CRY,5,3,2.88,0,0.0,2.88,2.12,33.7,3,0.68,2.32,142.6,3,1.82,1.18,53.3,35.9,1.2,0.6,2018,38
7,EVE,2,1,0.78,1,1.24,2.02,-0.02,46.0,1,0.82,0.18,113.4,2,0.63,1.37,147.6,93.0,0.3,0.4,2018,38
8,FUL,0,0,0.55,0,0.16,0.71,-0.71,131.0,0,0.91,-0.91,102.2,4,2.09,1.91,44.5,33.2,2.0,0.1,2018,38
9,HUD,1,1,0.54,0,0.2,0.73,0.27,128.8,0,0.24,-0.24,391.7,1,0.62,0.38,151.6,188.0,0.6,0.0,2018,38
10,LEI,0,0,0.22,0,0.18,0.39,-0.39,241.0,0,0.33,-0.33,284.8,0,1.53,-1.53,61.4,78.3,1.5,0.0,2018,38
11,LIV,2,2,1.44,0,0.13,1.57,0.43,59.2,1,0.62,0.38,150.0,0,1.27,-1.27,73.2,232.5,1.0,0.3,2018,38
12,MCI,4,2,1.22,2,0.42,1.63,2.37,57.1,3,1.95,1.05,47.7,1,0.47,0.53,197.9,155.0,0.0,0.4,2018,38
13,MUN,0,0,1.25,0,0.29,1.53,-1.53,62.1,0,1.26,-1.26,75.4,2,1.63,0.37,58.3,55.9,0.3,0.6,2018,38
14,NEW,4,2,1.98,2,0.11,2.09,1.91,44.5,2,0.67,1.33,138.8,0,0.71,-0.71,131.0,132.9,0.5,0.2,2018,38
15,SOU,1,1,0.62,0,0.0,0.62,0.38,151.6,1,1.0,0.0,94.0,1,0.73,0.27,128.8,156.7,0.5,0.2,2018,38
16,TOT,2,0,0.26,2,0.37,0.63,1.37,147.6,0,0.39,-0.39,238.5,2,2.02,-0.02,46.0,29.1,0.8,1.2,2018,38
17,WAT,1,1,1.35,0,0.88,2.23,-1.23,41.3,0,0.75,-0.75,122.7,4,3.07,0.93,30.0,20.4,2.0,0.3,2018,38
18,WHU,4,3,2.0,0,0.27,3.07,0.93,30.0,1,0.98,0.02,93.9,1,2.23,-1.23,41.3,48.4,1.4,0.9,2018,38
19,WOL,0,0,0.99,0,0.28,1.27,-1.27,73.2,0,0.67,-0.67,138.8,2,1.57,0.43,59.2,58.1,1.4,0.1,2018,38
