,Team,xG Expected GoalsG,xG Expected GoalsOP,xG Expected GoalsxG Open Play,xG Expected GoalsSP,xG Expected GoalsxG Set Play,xG Expected GoalsxG,xG Expected GoalsΔ,xG Expected GoalsMins/ xG,xA Expected AssistsA,xA Expected AssistsxA,xA Expected AssistsΔ,xA Expected AssistsMins/ xA,Goals ConcededGC,Goals ConcededxGC,Goals ConcededΔ,Goals ConcededMins/ xGC,Goals ConcededMins/ xGC On Target,Goals ConcededxGC OP,Goals ConcededxGC SP,Season,GW ID
0,ARS,1,0,1.02,0,0.06,1.08,-0.08,88.0,1,0.6,0.4,158.3,0,0.39,-0.39,243.6,237.5,0.3,0.1,2019,1
1,AVL,1,1,0.61,0,0.04,0.66,0.34,142.4,1,0.22,0.78,427.3,3,2.46,0.54,38.2,47.0,1.9,0.6,2019,1
2,BOU,1,0,0.1,1,1.4,1.5,-0.5,63.3,0,0.35,-0.35,271.4,1,1.41,-0.41,67.4,73.1,0.5,0.9,2019,1
3,BHA,3,3,0.84,0,0.0,0.84,2.16,113.1,2,0.56,1.44,169.6,0,0.7,-0.7,135.7,950.0,0.2,0.5,2019,1
4,BUR,3,3,0.85,0,0.05,0.91,2.09,103.3,2,0.37,1.63,254.1,0,1.17,-1.17,80.3,188.0,0.7,0.5,2019,1
5,CHE,0,0,0.74,0,0.3,1.04,-1.04,91.3,0,0.74,-0.74,128.4,4,2.17,1.83,43.8,31.7,1.4,0.0,2019,1
6,CRY,0,0,0.67,0,0.27,0.94,-0.94,101.1,0,0.59,-0.59,161.0,0,1.17,-1.17,81.2,158.3,1.1,0.1,2019,1
7,EVE,0,0,1.1,0,0.07,1.17,-1.17,81.2,0,0.88,-0.88,108.0,0,0.94,-0.94,101.1,118.8,0.7,0.3,2019,1
8,LEI,0,0,0.35,0,0.37,0.72,-0.72,131.9,0,0.65,-0.65,146.2,0,0.7,-0.7,135.7,475.0,0.6,0.1,2019,1
9,LIV,4,3,1.59,1,0.25,1.84,2.16,50.5,3,1.39,1.61,66.9,1,0.92,0.08,101.1,71.5,0.8,0.1,2019,1
10,MCI,5,3,2.41,0,0.0,3.2,1.8,30.0,4,0.96,3.04,100.0,0,1.08,-1.08,88.9,60.0,0.6,0.5,2019,1
11,MUN,4,2,1.38,0,0.0,2.17,1.83,43.8,3,1.12,1.88,84.8,0,1.04,-1.04,91.3,158.3,0.7,0.3,2019,1
12,NEW,0,0,0.27,0,0.12,0.39,-0.39,243.6,0,0.19,-0.19,500.0,1,1.08,-0.08,88.0,105.6,1.0,0.1,2019,1
13,NOR,1,1,0.82,0,0.1,0.92,0.08,101.1,1,0.56,0.44,166.1,4,1.84,2.16,50.5,58.1,1.6,0.2,2019,1
14,SHU,1,0,0.51,1,0.9,1.41,-0.41,67.4,0,0.79,-0.79,120.3,1,1.5,-0.5,63.3,55.9,0.1,1.4,2019,1
15,SOU,0,0,0.69,0,0.47,1.17,-1.17,80.3,0,1.27,-1.27,74.0,3,0.91,2.09,103.3,104.4,0.9,0.1,2019,1
16,TOT,3,2,1.88,1,0.59,2.46,0.54,38.2,2,1.53,0.47,61.4,1,0.66,0.34,142.4,85.5,0.6,0.0,2019,1
17,WAT,0,0,0.25,0,0.45,0.7,-0.7,135.7,0,0.99,-0.99,96.0,3,0.84,2.16,113.1,79.2,0.8,0.0,2019,1
18,WHU,0,0,0.62,0,0.46,1.08,-1.08,88.9,0,0.43,-0.43,223.3,5,3.2,1.8,30.0,24.0,2.4,0.0,2019,1
19,WOL,0,0,0.57,0,0.13,0.7,-0.7,135.7,0,0.44,-0.44,215.9,0,0.72,-0.72,131.9,316.7,0.4,0.4,2019,1
0,ARS,2,1,0.59,1,0.25,0.84,1.16,114.3,2,0.82,1.18,117.1,1,1.52,-0.52,63.2,96.0,0.8,0.7,2019,2
1,AVL,1,0,1.68,1,0.35,2.03,-1.03,47.3,1,1.86,-0.86,51.6,2,1.64,0.36,58.5,64.0,0.8,0.1,2019,2
2,BOU,2,1,0.77,0,0.09,1.64,0.36,58.5,0,0.53,-0.53,181.1,1,2.03,-1.03,47.3,64.0,1.7,0.3,2019,2
3,BHA,1,1,1.68,0,0.32,2.0,-1.0,47.5,0,1.38,-1.38,68.8,1,0.83,0.17,114.5,95.0,0.6,0.2,2019,2
4,BUR,1,1,0.82,0,0.7,1.52,-0.52,63.2,0,0.96,-0.96,100.0,2,0.84,1.16,114.3,87.3,0.6,0.3,2019,2
5,CHE,1,1,0.9,0,0.15,1.06,-0.06,89.6,0,0.91,-0.91,104.4,1,0.78,0.22,121.8,158.3,0.6,0.2,2019,2
6,CRY,0,0,0.23,0,0.05,0.27,-0.27,359.3,0,0.6,-0.6,161.7,1,2.18,-1.18,44.5,64.7,1.4,0.8,2019,2
7,EVE,1,1,0.42,0,0.25,0.67,0.33,143.3,1,0.45,0.55,213.3,0,1.23,-1.23,78.0,137.1,1.1,0.1,2019,2
8,LEI,1,0,0.59,1,0.19,0.78,0.22,121.8,1,0.43,0.57,220.9,1,1.06,-0.06,89.6,316.7,0.9,0.2,2019,2
9,LIV,2,2,0.98,0,0.31,1.29,0.71,73.6,2,0.56,1.44,169.6,1,1.94,-0.94,49.0,316.7,1.2,0.7,2019,2
10,MCI,2,2,2.58,0,0.39,2.97,-0.97,32.7,2,1.75,0.25,55.4,2,0.13,1.87,746.2,323.3,0.0,0.1,2019,2
11,MUN,1,1,0.21,0,0.16,1.16,-0.16,81.9,1,0.55,0.45,172.7,1,0.27,0.73,351.9,135.7,0.2,0.1,2019,2
12,NEW,1,1,0.72,0,0.23,0.95,0.05,100.0,1,0.56,0.44,169.6,3,1.7,1.3,55.9,43.2,1.5,0.2,2019,2
13,NOR,3,2,1.54,1,0.16,1.7,1.3,55.9,2,1.2,0.8,79.2,1,0.95,0.05,100.0,63.3,0.7,0.2,2019,2
14,SHU,1,1,1.41,0,0.77,2.18,-1.18,44.5,0,1.14,-1.14,85.1,0,0.27,-0.27,359.3,161.7,0.2,0.0,2019,2
15,SOU,1,1,1.19,0,0.74,1.94,-0.94,49.0,0,0.94,-0.94,101.1,2,1.29,0.71,73.6,50.0,1.0,0.3,2019,2
16,TOT,2,1,0.04,1,0.09,0.13,1.87,746.2,2,0.33,1.67,293.9,2,2.97,-0.97,32.7,29.4,2.6,0.4,2019,2
17,WAT,0,0,1.11,0,0.13,1.23,-1.23,78.0,0,0.96,-0.96,100.0,1,0.67,0.33,143.3,240.0,0.4,0.3,2019,2
18,WHU,1,1,0.63,0,0.21,0.83,0.17,114.5,1,0.45,0.55,211.1,1,2.0,-1.0,47.5,105.6,1.7,0.3,2019,2
19,WOL,1,0,0.15,1,0.12,0.27,0.73,351.9,1,0.37,0.63,256.8,1,1.16,-0.16,81.9,86.4,0.2,0.2,2019,2
0,ARS,1,1,0.91,0,0.1,1.02,-0.02,93.1,0,0.35,-0.35,271.4,3,2.51,0.49,37.8,41.3,1.4,0.4,2019,3
1,AVL,2,2,1.05,0,0.0,1.05,0.95,92.4,2,0.66,1.34,147.0,0,1.26,-1.26,77.0,485.0,1.1,0.2,2019,3
2,BOU,1,0,1.79,1,0.39,2.19,-1.19,43.4,0,0.46,-0.46,206.5,3,3.09,-0.09,30.7,41.3,2.9,0.2,2019,3
3,BHA,0,0,0.32,0,0.49,0.81,-0.81,118.5,0,1.02,-1.02,94.1,2,2.11,-0.11,45.5,50.5,1.6,0.5,2019,3
4,BUR,1,1,1.09,0,0.49,1.58,-0.58,62.7,1,0.61,0.39,162.3,1,1.57,-0.57,63.1,82.5,0.4,0.3,2019,3
5,CHE,3,2,1.31,0,0.19,1.5,1.5,64.7,3,1.23,1.77,78.9,2,1.06,0.94,91.5,74.6,0.8,0.2,2019,3
6,CRY,2,2,1.01,0,0.07,1.08,0.92,88.9,1,0.15,0.85,640.0,1,2.53,-1.53,37.9,106.7,1.0,0.7,2019,3
7,EVE,0,0,1.07,0,0.19,1.26,-1.26,77.0,0,0.94,-0.94,103.2,2,1.05,0.95,92.4,57.1,1.0,0.0,2019,3
8,LEI,2,1,0.6,1,0.18,0.77,1.23,123.4,2,0.93,1.07,102.2,1,0.35,0.65,271.4,316.7,0.2,0.2,2019,3
9,LIV,3,1,1.37,1,0.36,2.51,0.49,37.8,2,1.45,0.55,65.5,1,1.02,-0.02,93.1,158.3,0.9,0.1,2019,3
10,MCI,3,3,2.87,0,0.22,3.09,-0.09,30.7,3,2.15,0.85,44.2,1,2.19,-1.19,43.4,26.4,1.8,0.4,2019,3
11,MUN,1,1,1.02,0,0.72,2.53,-1.53,37.9,1,1.27,-0.27,75.6,2,1.08,0.92,88.9,56.5,1.0,0.1,2019,3
12,NEW,1,1,0.73,0,0.08,0.81,0.19,119.8,1,0.45,0.55,215.6,0,1.13,-1.13,85.8,107.8,1.1,0.0,2019,3
13,NOR,2,2,0.83,0,0.23,1.06,0.94,91.5,2,0.92,1.08,105.4,3,1.5,1.5,64.7,74.6,1.3,0.2,2019,3
14,SHU,1,1,0.16,0,0.18,0.35,0.65,271.4,1,0.82,0.18,115.9,2,0.77,1.23,123.4,118.8,0.6,0.2,2019,3
15,SOU,2,2,1.63,0,0.48,2.11,-0.11,45.5,2,0.59,1.41,162.7,0,0.81,-0.81,118.5,240.0,0.3,0.5,2019,3
16,TOT,0,0,1.11,0,0.02,1.13,-1.13,85.8,0,1.39,-1.39,69.8,1,0.81,0.19,119.8,88.2,0.7,0.1,2019,3
17,WAT,1,1,2.12,0,0.22,2.34,-1.34,40.6,1,1.71,-0.71,55.6,3,3.76,-0.76,25.3,20.2,1.8,1.1,2019,3
18,WHU,3,1,1.83,1,1.14,3.76,-0.76,25.3,1,1.8,-0.8,52.8,1,2.34,-1.34,40.6,135.7,2.1,0.2,2019,3
19,WOL,1,0,0.44,0,0.34,1.57,-0.57,63.1,0,0.66,-0.66,150.0,1,1.58,-0.58,62.7,110.0,1.1,0.5,2019,3
0,ARS,2,2,1.84,0,0.56,2.4,-0.4,40.0,2,1.81,0.19,53.0,2,1.96,0.04,49.0,25.9,1.1,0.1,2019,4
1,AVL,0,0,0.23,0,0.17,0.4,-0.4,245.0,0,0.58,-0.58,169.0,1,1.46,-0.46,67.1,70.0,0.8,0.7,2019,4
2,BOU,1,1,0.6,0,0.05,0.64,0.36,153.1,1,0.55,0.45,178.2,3,2.04,0.96,48.0,35.0,2.0,0.0,2019,4
3,BHA,0,0,0.78,0,0.1,0.87,-0.87,106.9,0,0.73,-0.73,127.4,4,1.9,2.1,48.9,42.3,1.6,0.3,2019,4
4,BUR,0,0,0.75,0,0.12,0.87,-0.87,108.0,0,0.4,-0.4,235.0,3,1.0,2.0,94.0,47.0,0.9,0.1,2019,4
5,CHE,2,2,1.86,0,0.17,2.03,-0.03,46.8,0,1.05,-1.05,90.5,2,1.12,0.88,84.8,135.7,1.1,0.0,2019,4
6,CRY,1,0,0.81,0,0.65,1.46,-0.46,67.1,0,0.99,-0.99,99.0,0,0.4,-0.4,245.0,490.0,0.2,0.2,2019,4
7,EVE,3,3,1.02,0,0.32,1.34,1.66,71.6,3,0.86,2.14,111.6,2,2.01,-0.01,47.8,35.6,1.3,0.7,2019,4
8,LEI,3,2,2.01,0,0.02,2.04,0.96,48.0,3,1.51,1.49,64.9,1,0.64,0.36,153.1,98.0,0.6,0.0,2019,4
9,LIV,3,2,0.86,0,0.13,1.0,2.0,94.0,2,0.6,1.4,156.7,0,0.87,-0.87,108.0,94.0,0.7,0.1,2019,4
10,MCI,4,4,1.65,0,0.26,1.9,2.1,48.9,4,1.55,2.45,60.0,0,0.87,-0.87,106.9,310.0,0.8,0.1,2019,4
11,MUN,1,1,1.46,0,0.09,1.55,-0.55,62.6,1,1.15,-0.15,84.3,1,0.86,0.14,112.8,161.7,0.6,0.3,2019,4
12,NEW,1,1,0.78,0,0.25,1.03,-0.03,93.2,1,0.55,0.45,174.5,1,1.05,-0.05,91.4,68.6,0.8,0.3,2019,4
13,NOR,0,0,1.31,0,0.05,1.37,-1.37,68.6,0,0.65,-0.65,144.6,2,1.99,0.01,47.2,52.2,1.8,0.2,2019,4
14,SHU,2,2,1.12,0,0.0,1.12,0.88,84.8,1,0.79,0.21,120.3,2,2.03,-0.03,46.8,39.6,1.9,0.2,2019,4
15,SOU,1,0,0.6,1,0.26,0.86,0.14,112.8,1,0.34,0.66,285.3,1,1.55,-0.55,62.6,53.9,1.5,0.1,2019,4
16,TOT,2,1,1.06,0,0.11,1.96,0.04,49.0,0,0.52,-0.52,184.6,2,2.4,-0.4,40.0,36.9,1.8,0.6,2019,4
17,WAT,1,1,0.75,0,0.3,1.05,-0.05,91.4,0,0.65,-0.65,147.7,1,1.03,-0.03,93.2,64.0,0.8,0.2,2019,4
18,WHU,2,2,1.77,0,0.23,1.99,0.01,47.2,1,1.28,-0.28,73.4,0,1.37,-1.37,68.6,inf,1.3,0.1,2019,4
19,WOL,2,1,1.29,1,0.72,2.01,-0.01,47.8,1,1.02,-0.02,94.1,3,1.34,1.66,71.6,53.3,1.0,0.3,2019,4
0,ARS,2,2,0.82,0,0.0,0.82,1.18,114.6,2,0.85,1.15,110.6,2,2.75,-0.75,34.2,44.8,1.8,0.2,2019,5
1,AVL,0,0,1.24,0,0.09,1.33,-1.33,70.7,0,0.98,-0.98,95.9,0,0.58,-0.58,162.1,inf,0.5,0.1,2019,5
2,BOU,3,1,0.55,2,0.88,1.43,1.57,67.1,2,0.56,1.44,171.4,1,1.51,-0.51,63.6,73.8,1.5,0.0,2019,5
3,BHA,1,1,1.32,0,0.09,1.4,-0.4,67.9,1,1.18,-0.18,80.5,1,0.38,0.62,250.0,237.5,0.3,0.1,2019,5
4,BUR,1,1,0.29,0,0.1,0.38,0.62,250.0,1,0.21,0.79,452.4,1,1.4,-0.4,67.9,73.1,1.3,0.1,2019,5
5,CHE,5,4,2.35,1,0.31,2.66,2.34,36.5,3,1.29,1.71,75.2,2,1.78,0.22,54.5,88.2,1.1,0.7,2019,5
6,CRY,0,0,0.36,0,0.25,0.61,-0.61,155.7,0,0.67,-0.67,141.8,4,1.03,2.97,92.2,67.9,0.8,0.2,2019,5
7,EVE,1,1,1.46,0,0.05,1.51,-0.51,63.6,1,1.04,-0.04,92.3,3,1.43,1.57,67.1,45.7,0.6,0.9,2019,5
8,LEI,0,0,0.47,0,0.13,0.6,-0.6,160.0,0,0.27,-0.27,355.6,1,1.18,-0.18,81.4,64.0,0.2,0.2,2019,5
9,LIV,3,3,2.77,0,0.27,3.04,-0.04,30.9,2,1.99,0.01,47.2,1,0.34,0.66,276.5,313.3,0.3,0.1,2019,5
10,MCI,2,2,1.88,0,0.48,2.36,-0.36,40.3,2,1.64,0.36,57.9,3,1.49,1.51,63.8,86.4,1.3,0.2,2019,5
11,MUN,1,0,0.21,0,0.18,1.18,-0.18,81.4,0,0.21,-0.21,457.1,0,0.6,-0.6,160.0,192.0,0.5,0.1,2019,5
12,NEW,1,1,0.26,0,0.08,0.34,0.66,276.5,1,0.28,0.72,335.7,3,3.04,-0.04,30.9,26.9,2.8,0.3,2019,5
13,NOR,3,2,1.28,1,0.21,1.49,1.51,63.8,3,1.13,1.87,84.1,2,2.36,-0.36,40.3,47.5,1.9,0.5,2019,5
14,SHU,0,0,1.33,0,0.47,1.8,-1.8,53.9,0,1.12,-1.12,86.6,1,1.59,-0.59,61.0,40.4,1.4,0.2,2019,5
15,SOU,1,1,1.4,0,0.19,1.59,-0.59,61.0,1,0.53,0.47,183.0,0,1.8,-1.8,53.9,121.3,1.3,0.5,2019,5
16,TOT,4,3,0.82,0,0.21,1.03,2.97,92.2,3,0.68,2.32,139.7,0,0.61,-0.61,155.7,190.0,0.4,0.2,2019,5
17,WAT,2,1,1.78,0,0.18,2.75,-0.75,34.2,1,1.36,-0.36,69.1,2,0.82,1.18,114.6,94.0,0.8,0.0,2019,5
18,WHU,0,0,0.5,0,0.08,0.58,-0.58,162.1,0,0.93,-0.93,101.1,0,1.33,-1.33,70.7,188.0,1.2,0.1,2019,5
19,WOL,2,1,1.08,1,0.71,1.78,0.22,54.5,0,0.43,-0.43,225.6,5,2.66,2.34,36.5,30.3,2.4,0.3,2019,5
0,ARS,3,1,1.1,1,0.57,2.46,0.54,39.0,0,1.0,-1.0,96.0,2,1.48,0.52,64.9,60.0,1.2,0.3,2019,6
1,AVL,2,2,1.21,0,0.27,1.48,0.52,64.9,2,1.09,0.91,88.1,3,2.46,0.54,39.0,45.7,1.1,0.6,2019,6
2,BOU,3,2,1.06,1,0.14,1.19,1.81,80.7,3,0.22,2.78,436.4,1,2.51,-1.51,38.2,48.0,1.7,0.0,2019,6
3,BHA,0,0,1.3,0,0.14,1.44,-1.44,67.4,0,1.11,-1.11,87.4,0,0.88,-0.88,110.2,69.3,0.8,0.1,2019,6
4,BUR,2,1,1.27,1,0.74,2.0,0.0,47.5,2,1.76,0.24,54.0,0,0.85,-0.85,111.8,158.3,0.8,0.0,2019,6
5,CHE,1,1,1.17,0,0.12,1.29,-0.29,73.6,1,0.8,0.2,118.8,2,0.57,1.43,166.7,79.2,0.1,0.5,2019,6
6,CRY,1,1,0.7,0,0.23,0.93,0.07,104.3,0,0.56,-0.56,173.2,1,1.52,-0.52,63.8,51.1,1.2,0.3,2019,6
7,EVE,0,0,0.64,0,0.39,1.03,-1.03,92.2,0,0.86,-0.86,110.5,2,0.46,1.54,206.5,158.3,0.5,0.0,2019,6
8,LEI,2,2,1.27,0,0.02,1.29,0.71,75.2,1,1.01,-0.01,96.0,1,1.13,-0.13,85.8,80.8,1.1,0.0,2019,6
9,LIV,2,0,0.09,2,0.47,0.57,1.43,166.7,2,1.0,1.0,95.0,1,1.29,-0.29,73.6,86.4,1.2,0.1,2019,6
10,MCI,8,4,3.81,3,1.28,5.87,2.13,16.0,4,2.82,1.18,33.3,0,0.41,-0.41,229.3,470.0,0.2,0.2,2019,6
11,MUN,0,0,0.8,0,0.12,0.92,-0.92,103.3,0,1.07,-1.07,88.8,2,0.43,1.57,220.9,67.9,0.3,0.2,2019,6
12,NEW,0,0,0.77,0,0.11,0.88,-0.88,110.2,0,0.62,-0.62,156.5,0,1.44,-1.44,67.4,323.3,1.3,0.1,2019,6
13,NOR,0,0,0.85,0,0.0,0.85,-0.85,111.8,0,0.74,-0.74,128.4,2,2.0,0.0,47.5,43.2,1.3,0.7,2019,6
14,SHU,2,0,0.46,1,0.0,0.46,1.54,206.5,1,0.19,0.81,500.0,0,1.03,-1.03,92.2,105.6,0.6,0.4,2019,6
15,SOU,1,0,1.67,0,0.05,2.51,-1.51,38.2,0,0.81,-0.81,118.5,3,1.19,1.81,80.7,53.3,1.1,0.1,2019,6
16,TOT,1,1,1.13,0,0.0,1.13,-0.13,85.8,1,0.69,0.31,140.6,2,1.29,0.71,75.2,64.7,1.3,0.0,2019,6
17,WAT,0,0,0.24,0,0.17,0.41,-0.41,229.3,0,0.13,-0.13,723.1,8,5.87,2.13,16.0,18.8,3.8,1.3,2019,6
18,WHU,2,1,0.26,1,0.17,0.43,1.57,220.9,1,0.23,0.77,413.0,0,0.92,-0.92,103.3,950.0,0.8,0.1,2019,6
19,WOL,1,1,1.24,0,0.29,1.52,-0.52,63.8,1,1.19,-0.19,81.5,1,0.93,0.07,104.3,138.6,0.7,0.2,2019,6
0,ARS,1,1,1.82,0,0.05,1.87,-0.87,50.8,1,0.92,0.08,103.3,1,0.85,0.15,111.8,79.2,0.5,0.3,2019,7
1,AVL,2,1,0.84,0,0.14,0.98,1.02,100.0,2,0.48,1.52,204.2,2,1.53,0.47,64.1,81.7,1.1,0.4,2019,7
2,BOU,2,1,1.07,1,0.92,1.98,0.02,47.5,2,1.38,0.62,68.1,2,1.59,0.41,59.1,94.0,1.5,0.1,2019,7
3,BHA,0,0,0.34,0,0.25,0.59,-0.59,159.3,0,0.42,-0.42,223.8,2,3.76,-1.76,25.0,26.1,2.9,0.1,2019,7
4,BUR,2,2,1.11,0,0.42,1.53,0.47,64.1,2,1.01,0.99,97.0,2,0.98,1.02,100.0,108.9,0.8,0.1,2019,7
5,CHE,2,1,2.87,0,0.09,3.76,-1.76,25.0,1,1.51,-0.51,62.3,0,0.59,-0.59,159.3,940.0,0.3,0.3,2019,7
6,CRY,2,1,0.72,0,0.07,1.58,0.42,60.8,1,0.89,0.11,107.9,0,0.7,-0.7,137.1,192.0,0.7,0.0,2019,7
7,EVE,1,1,1.52,0,0.89,2.41,-1.41,39.4,1,1.45,-0.45,65.5,3,2.81,0.19,33.8,39.6,2.7,0.1,2019,7
8,LEI,5,3,1.49,1,0.15,1.64,3.36,57.3,3,1.89,1.11,49.7,0,0.08,-0.08,1175.0,inf,0.1,0.0,2019,7
9,LIV,1,1,1.75,0,0.12,1.87,-0.87,50.8,0,1.11,-1.11,85.6,0,1.29,-1.29,73.6,475.0,1.0,0.3,2019,7
10,MCI,3,2,2.74,1,0.08,2.81,0.19,33.8,1,2.55,-1.55,37.3,1,2.41,-1.41,39.4,36.5,1.5,0.9,2019,7
11,MUN,1,1,0.53,0,0.33,0.85,0.15,111.8,1,0.7,0.3,135.7,1,1.87,-0.87,50.8,38.0,1.8,0.1,2019,7
12,NEW,0,0,0.08,0,0.0,0.08,-0.08,1175.0,0,0.12,-0.12,783.3,5,1.64,3.36,57.3,52.2,1.5,0.1,2019,7
13,NOR,0,0,0.66,0,0.04,0.7,-0.7,137.1,0,0.69,-0.69,139.1,2,1.58,0.42,60.8,64.0,0.7,0.1,2019,7
14,SHU,0,0,0.99,0,0.3,1.29,-1.29,73.6,0,0.67,-0.67,141.8,1,1.87,-0.87,50.8,79.2,1.7,0.1,2019,7
15,SOU,1,1,1.18,0,0.35,1.54,-0.54,61.7,0,0.8,-0.8,118.8,2,0.96,1.04,99.0,79.2,0.7,0.2,2019,7
16,TOT,2,1,0.73,0,0.23,0.96,1.04,99.0,2,0.65,1.35,146.2,1,1.54,-0.54,61.7,43.2,1.2,0.4,2019,7
17,WAT,0,0,1.35,0,0.08,1.43,-1.43,65.7,0,0.7,-0.7,134.3,2,1.35,0.65,69.6,104.4,1.4,0.1,2019,7
18,WHU,2,2,1.45,0,0.13,1.59,0.41,59.1,2,1.09,0.91,86.2,2,1.98,0.02,47.5,62.7,1.1,0.9,2019,7
19,WOL,2,2,1.35,0,0.07,1.35,0.65,69.6,1,0.96,0.04,97.9,0,1.43,-1.43,65.7,67.1,1.3,0.1,2019,7
0,ARS,1,0,0.96,1,0.24,1.21,-0.21,79.3,1,1.19,-0.19,80.7,0,0.59,-0.59,162.7,320.0,0.2,0.3,2019,8
1,AVL,5,5,1.86,0,0.48,3.13,1.87,29.7,5,1.12,3.88,83.0,1,2.75,-1.75,33.8,103.3,2.1,0.6,2019,8
2,BOU,0,0,0.24,0,0.35,0.59,-0.59,162.7,0,0.45,-0.45,213.3,1,1.21,-0.21,79.3,240.0,1.0,0.2,2019,8
3,BHA,3,3,2.24,0,0.15,2.4,0.6,39.2,1,1.18,-0.18,79.7,0,0.42,-0.42,223.8,313.3,0.3,0.1,2019,8
4,BUR,1,0,0.33,1,0.24,0.57,0.43,170.2,1,1.1,-0.1,88.2,0,1.29,-1.29,75.2,323.3,0.7,0.6,2019,8
5,CHE,4,3,1.6,0,0.07,1.67,2.33,56.3,4,0.43,3.57,218.6,1,1.4,-0.4,67.1,104.4,1.1,0.3,2019,8
6,CRY,2,0,0.65,1,0.71,2.15,-0.15,45.1,1,1.5,-0.5,64.7,1,1.36,-0.36,71.3,138.6,0.9,0.4,2019,8
7,EVE,0,0,0.71,0,0.58,1.29,-1.29,75.2,0,0.47,-0.47,206.4,1,0.57,0.43,170.2,323.3,0.3,0.2,2019,8
8,LEI,1,1,0.1,0,0.0,0.1,0.9,970.0,1,0.41,0.59,236.6,2,3.55,-1.55,27.3,28.5,2.6,0.2,2019,8
9,LIV,2,1,2.55,0,0.21,3.55,-1.55,27.3,1,1.45,-0.45,66.9,1,0.1,0.9,970.0,inf,0.1,0.0,2019,8
10,MCI,0,0,0.88,0,0.6,1.48,-1.48,64.9,0,1.28,-1.28,75.0,2,0.99,1.01,97.0,60.0,0.9,0.0,2019,8
11,MUN,0,0,0.19,0,0.69,0.88,-0.88,109.1,0,0.93,-0.93,103.2,1,0.76,0.24,126.3,160.0,0.6,0.1,2019,8
12,NEW,1,1,0.64,0,0.12,0.76,0.24,126.3,1,0.5,0.5,192.0,0,0.88,-0.88,109.1,160.0,0.2,0.7,2019,8
13,NOR,1,1,2.13,0,0.62,2.75,-1.75,33.8,0,0.63,-0.63,147.6,5,3.13,1.87,29.7,18.2,1.9,0.5,2019,8
14,SHU,0,0,0.3,0,0.13,0.43,-0.43,223.3,0,0.61,-0.61,157.4,0,1.42,-1.42,67.6,137.1,1.2,0.2,2019,8
15,SOU,1,1,1.05,0,0.34,1.4,-0.4,67.1,0,0.42,-0.42,223.8,4,1.67,2.33,56.3,49.5,1.6,0.1,2019,8
16,TOT,0,0,0.35,0,0.07,0.42,-0.42,223.8,0,0.3,-0.3,313.3,3,2.4,0.6,39.2,36.2,2.2,0.2,2019,8
17,WAT,0,0,1.2,0,0.23,1.42,-1.42,67.6,0,0.89,-0.89,107.9,0,0.43,-0.43,223.3,120.0,0.3,0.1,2019,8
18,WHU,1,1,0.94,0,0.42,1.36,-0.36,71.3,1,1.37,-0.37,70.8,2,2.15,-0.15,45.1,51.1,0.7,0.7,2019,8
19,WOL,2,0,0.94,0,0.05,0.99,1.01,97.0,2,0.27,1.73,355.6,0,1.48,-1.48,64.9,137.1,0.9,0.6,2019,8
0,ARS,0,0,0.9,0,0.12,1.02,-1.02,94.1,0,0.95,-0.95,101.1,1,0.94,0.06,102.1,106.7,0.2,0.8,2019,9
1,AVL,2,2,2.63,0,0.34,2.96,-0.96,32.4,2,0.99,1.01,97.0,1,1.23,-0.23,78.0,80.0,1.1,0.1,2019,9
2,BOU,0,0,0.54,0,0.19,0.72,-0.72,131.9,0,0.96,-0.96,99.0,0,0.4,-0.4,237.5,950.0,0.3,0.1,2019,9
3,BHA,1,0,1.1,1,0.13,1.23,-0.23,78.0,1,1.13,-0.13,85.0,2,2.96,-0.96,32.4,36.9,2.6,0.3,2019,9
4,BUR,1,1,1.25,0,0.3,1.55,-0.55,61.3,1,0.65,0.35,146.2,2,0.99,1.01,96.0,135.7,0.7,0.3,2019,9
5,CHE,1,1,1.57,0,0.46,2.03,-1.03,46.3,1,1.25,-0.25,75.2,0,0.4,-0.4,235.0,inf,0.4,0.0,2019,9
6,CRY,0,0,0.62,0,0.26,0.88,-0.88,106.8,0,0.59,-0.59,159.3,2,3.53,-1.53,26.6,34.8,3.4,0.2,2019,9
7,EVE,2,2,1.28,0,0.8,2.08,-0.08,45.7,2,0.98,1.02,96.9,0,0.78,-0.78,121.8,105.6,0.2,0.5,2019,9
8,LEI,2,2,0.72,0,0.27,0.99,1.01,96.0,2,0.79,1.21,120.3,1,1.55,-0.55,61.3,55.9,1.2,0.3,2019,9
9,LIV,1,1,1.14,0,0.04,1.18,-0.18,82.2,1,0.98,0.02,99.0,1,0.73,0.27,132.9,194.0,0.7,0.0,2019,9
10,MCI,2,1,3.35,0,0.18,3.53,-1.53,26.6,2,2.76,-0.76,34.1,0,0.88,-0.88,106.8,470.0,0.6,0.3,2019,9
11,MUN,1,0,0.73,0,0.0,0.73,0.27,132.9,1,0.23,0.77,421.7,1,1.18,-0.18,82.2,64.7,1.1,0.0,2019,9
12,NEW,0,0,0.4,0,0.0,0.4,-0.4,235.0,0,0.31,-0.31,303.2,1,2.03,-1.03,46.3,58.8,1.6,0.5,2019,9
13,NOR,0,0,0.27,0,0.13,0.4,-0.4,237.5,0,0.48,-0.48,197.9,0,0.72,-0.72,131.9,316.7,0.5,0.2,2019,9
14,SHU,1,0,0.17,1,0.77,0.94,0.06,102.1,1,0.99,0.01,97.0,0,1.02,-1.02,94.1,240.0,0.9,0.1,2019,9
15,SOU,1,1,1.04,0,0.37,1.41,-0.41,66.7,0,0.91,-0.91,103.3,1,0.93,0.07,101.1,94.0,0.1,0.0,2019,9
16,TOT,1,1,0.89,0,0.14,1.02,-0.02,93.1,0,0.76,-0.76,125.0,1,0.67,0.33,141.8,105.6,0.5,0.1,2019,9
17,WAT,1,1,0.55,0,0.12,0.67,0.33,141.8,1,0.23,0.77,413.0,1,1.02,-0.02,93.1,73.1,0.9,0.1,2019,9
18,WHU,0,0,0.25,0,0.53,0.78,-0.78,121.8,0,0.69,-0.69,137.7,2,2.08,-0.08,45.7,45.2,1.3,0.8,2019,9
19,WOL,1,0,0.14,0,0.0,0.93,0.07,101.1,0,0.18,-0.18,522.2,1,1.41,-0.41,66.7,62.7,1.0,0.4,2019,9
0,ARS,2,0,0.5,2,0.85,1.34,0.66,73.1,1,0.81,0.19,121.0,2,1.59,0.41,61.6,75.4,0.8,0.0,2019,10
1,AVL,0,0,1.05,0,0.0,1.05,-1.05,90.5,0,0.34,-0.34,279.4,3,2.89,0.11,32.9,55.9,2.4,0.5,2019,10
2,BOU,0,0,0.64,0,0.31,0.96,-0.96,97.9,0,0.34,-0.34,276.5,0,0.82,-0.82,114.6,85.5,0.7,0.1,2019,10
3,BHA,3,1,0.22,1,0.17,1.18,1.82,82.2,0,0.28,-0.28,346.4,2,0.88,1.12,110.2,107.8,0.7,0.2,2019,10
4,BUR,2,1,0.86,0,1.2,2.06,-0.06,46.1,2,1.62,0.38,58.6,4,0.86,3.14,110.5,55.9,0.5,0.3,2019,10
5,CHE,4,2,0.54,1,0.33,0.86,3.14,110.5,3,0.53,2.47,179.2,2,2.06,-0.06,46.1,95.0,0.9,1.2,2019,10
6,CRY,2,1,0.77,0,0.04,1.59,0.41,61.6,1,0.51,0.49,192.2,2,1.34,0.66,73.1,51.6,0.5,0.8,2019,10
7,EVE,2,1,0.68,1,0.2,0.88,1.12,110.2,1,0.75,0.25,129.3,3,1.18,1.82,82.2,74.6,0.2,0.2,2019,10
8,LEI,9,7,3.11,1,0.77,4.68,4.32,20.1,4,1.76,2.24,53.4,0,0.34,-0.34,276.5,313.3,0.2,0.1,2019,10
9,LIV,2,1,1.27,0,0.62,2.68,-0.68,35.4,0,1.32,-1.32,72.0,1,1.21,-0.21,78.5,95.0,1.1,0.1,2019,10
10,MCI,3,1,2.36,2,0.54,2.89,0.11,32.9,1,1.48,-0.48,64.2,0,1.05,-1.05,90.5,55.9,1.1,0.0,2019,10
11,MUN,3,1,1.72,1,1.09,4.39,-1.39,22.1,2,1.32,0.68,73.5,1,0.96,0.04,101.0,323.3,0.9,0.0,2019,10
12,NEW,1,1,0.8,0,0.21,1.02,-0.02,95.1,1,0.82,0.18,118.3,1,2.06,-1.06,47.1,97.0,1.9,0.1,2019,10
13,NOR,1,1,0.92,0,0.04,0.96,0.04,101.0,0,0.61,-0.61,159.0,3,4.39,-1.39,22.1,19.0,1.7,1.1,2019,10
14,SHU,1,1,0.38,0,0.6,0.98,0.02,96.9,1,0.44,0.56,215.9,1,2.59,-1.59,36.7,59.4,2.5,0.1,2019,10
15,SOU,0,0,0.25,0,0.1,0.34,-0.34,276.5,0,0.19,-0.19,494.7,9,4.68,4.32,20.1,15.7,3.1,0.8,2019,10
16,TOT,1,0,1.15,0,0.07,1.21,-0.21,78.5,0,0.32,-0.32,296.9,2,2.68,-0.68,35.4,31.7,1.3,0.6,2019,10
17,WAT,0,0,0.73,0,0.09,0.82,-0.82,114.6,0,0.56,-0.56,167.9,0,0.96,-0.96,97.9,104.4,0.6,0.3,2019,10
18,WHU,1,1,2.45,0,0.14,2.59,-1.59,36.7,1,1.22,-0.22,77.9,1,0.98,0.02,96.9,79.2,0.4,0.6,2019,10
19,WOL,1,1,1.91,0,0.15,2.06,-1.06,47.1,0,1.82,-1.82,53.3,1,1.02,-0.02,95.1,485.0,0.8,0.2,2019,10
0,ARS,1,1,0.76,0,0.11,0.87,0.13,109.2,1,0.58,0.42,163.8,1,1.77,-0.77,53.7,55.9,1.4,0.3,2019,11
1,AVL,1,0,0.13,1,0.26,0.38,0.62,255.3,1,0.35,0.65,277.1,2,2.47,-0.47,39.3,64.7,2.0,0.5,2019,11
2,BOU,1,1,1.8,0,0.15,1.94,-0.94,48.5,1,0.36,0.64,261.1,0,0.76,-0.76,123.7,470.0,0.5,0.3,2019,11
3,BHA,2,1,2.22,1,0.51,2.73,-0.73,34.8,2,1.47,0.53,64.6,0,0.4,-0.4,237.5,inf,0.2,0.2,2019,11
4,BUR,0,0,0.6,0,0.16,0.76,-0.76,123.7,0,0.41,-0.41,229.3,3,2.53,0.47,37.2,26.1,2.5,0.0,2019,11
5,CHE,2,2,2.03,0,0.08,2.11,-0.11,46.0,2,1.26,0.74,77.0,1,1.31,-0.31,74.0,74.6,0.4,0.2,2019,11
6,CRY,0,0,0.43,0,0.08,0.51,-0.51,190.2,0,0.27,-0.27,359.3,2,1.17,0.83,82.9,194.0,0.3,0.9,2019,11
7,EVE,1,1,1.1,0,0.05,1.1,-0.1,93.6,1,0.62,0.38,166.1,1,0.58,0.42,177.6,93.6,0.5,0.1,2019,11
8,LEI,2,1,0.27,1,0.89,1.17,0.83,82.9,1,0.81,0.19,119.8,0,0.51,-0.51,190.2,323.3,0.4,0.1,2019,11
9,LIV,2,1,2.0,1,0.47,2.47,-0.47,39.3,2,2.04,-0.04,47.5,1,0.38,0.62,255.3,485.0,0.1,0.3,2019,11
10,MCI,2,2,2.12,0,0.79,2.91,-0.91,33.0,1,2.97,-1.97,32.3,1,0.89,0.11,107.9,80.0,0.9,0.0,2019,11
11,MUN,0,0,0.5,0,0.26,0.76,-0.76,123.7,0,0.85,-0.85,110.6,1,1.94,-0.94,48.5,62.7,1.8,0.1,2019,11
12,NEW,3,0,1.16,3,0.31,1.47,1.53,66.0,2,1.17,0.83,82.9,2,1.82,0.18,53.3,40.4,0.5,1.3,2019,11
13,NOR,0,0,0.22,0,0.18,0.4,-0.4,237.5,0,0.5,-0.5,190.0,2,2.73,-0.73,34.8,67.9,2.2,0.5,2019,11
14,SHU,3,3,2.5,0,0.03,2.53,0.47,37.2,3,1.22,1.78,77.0,0,0.76,-0.76,123.7,inf,0.6,0.2,2019,11
15,SOU,1,1,0.89,0,0.0,0.89,0.11,107.9,0,0.32,-0.32,300.0,2,2.91,-0.91,33.0,53.3,2.1,0.8,2019,11
16,TOT,1,1,0.49,0,0.09,0.58,0.42,177.6,1,0.42,0.58,245.2,1,1.1,-0.1,93.6,103.0,1.1,0.0,2019,11
17,WAT,1,0,0.35,0,0.17,1.31,-0.31,74.0,0,0.53,-0.53,183.0,2,2.11,-0.11,46.0,24.9,2.0,0.1,2019,11
18,WHU,2,1,0.48,1,1.34,1.82,0.18,53.3,1,1.6,-0.6,60.6,3,1.47,1.53,66.0,26.9,1.2,0.3,2019,11
19,WOL,1,0,1.42,1,0.35,1.77,-0.77,53.7,1,0.66,0.34,143.9,1,0.87,0.13,109.2,63.3,0.8,0.1,2019,11
0,ARS,0,0,1.08,0,0.0,1.08,-1.08,87.0,0,1.12,-1.12,83.9,2,1.25,0.75,75.2,58.8,1.1,0.1,2019,12
1,AVL,1,0,0.36,1,0.27,0.63,0.37,149.2,0,0.37,-0.37,254.1,2,2.4,-0.4,39.2,42.7,2.4,0.0,2019,12
2,BOU,1,0,1.29,1,0.54,1.83,-0.83,53.0,1,0.56,0.44,173.2,2,2.44,-0.44,39.8,37.3,2.0,0.5,2019,12
3,BHA,1,0,0.12,1,0.73,0.85,0.15,112.9,1,0.61,0.39,157.4,3,3.6,-0.6,26.7,28.2,2.5,1.1,2019,12
4,BUR,3,1,1.11,2,1.05,2.16,0.84,45.4,2,1.37,0.63,71.5,0,0.47,-0.47,208.5,163.3,0.4,0.1,2019,12
5,CHE,2,2,3.37,0,0.34,3.71,-1.71,25.6,1,0.85,0.15,111.8,0,0.23,-0.23,413.0,950.0,0.1,0.1,2019,12
6,CRY,0,0,0.1,0,0.13,0.23,-0.23,413.0,0,0.34,-0.34,279.4,2,3.71,-1.71,25.6,30.6,3.4,0.3,2019,12
7,EVE,2,1,1.01,1,0.87,1.88,0.12,51.1,2,1.27,0.73,75.6,1,0.86,0.14,111.6,73.8,0.0,0.8,2019,12
8,LEI,2,2,1.12,0,0.13,1.25,0.75,75.2,2,0.88,1.12,106.8,0,1.08,-1.08,87.0,470.0,1.1,0.0,2019,12
9,LIV,3,3,0.91,0,0.17,1.08,1.92,88.0,2,0.91,1.09,104.4,1,1.35,-0.35,70.4,316.7,1.1,0.2,2019,12
10,MCI,1,1,1.11,0,0.23,1.35,-0.35,70.4,0,1.01,-1.01,94.1,3,1.08,1.92,88.0,79.2,0.9,0.2,2019,12
11,MUN,3,2,2.49,1,1.11,3.6,-0.6,26.7,3,1.43,1.57,67.1,1,0.85,0.15,112.9,480.0,0.1,0.7,2019,12
12,NEW,2,1,1.97,1,0.47,2.44,-0.44,39.8,0,0.31,-0.31,312.9,1,1.83,-0.83,53.0,46.2,1.3,0.5,2019,12
13,NOR,0,0,0.46,0,0.25,0.72,-0.72,133.3,0,0.65,-0.65,147.7,2,1.26,0.74,76.2,80.0,1.1,0.1,2019,12
14,SHU,1,1,0.67,0,0.2,0.87,0.13,111.5,1,0.3,0.7,323.3,1,1.8,-0.8,53.9,121.3,1.7,0.1,2019,12
15,SOU,1,0,0.02,1,0.84,0.86,0.14,111.6,0,0.17,-0.17,564.7,2,1.88,0.12,51.1,120.0,1.0,0.9,2019,12
16,TOT,1,1,1.66,0,0.14,1.8,-0.8,53.9,0,0.93,-0.93,104.3,1,0.87,0.13,111.5,121.3,0.7,0.2,2019,12
17,WAT,2,2,1.13,0,0.13,1.26,0.74,76.2,1,0.4,0.6,240.0,0,0.72,-0.72,133.3,320.0,0.5,0.3,2019,12
18,WHU,0,0,0.37,0,0.1,0.47,-0.47,208.5,0,0.34,-0.34,288.2,3,2.16,0.84,45.4,27.2,1.1,1.0,2019,12
19,WOL,2,0,2.36,1,0.04,2.4,-0.4,39.2,2,0.36,1.64,261.1,1,0.63,0.37,149.2,235.0,0.4,0.3,2019,12
0,ARS,2,2,1.42,0,0.38,1.8,0.2,54.4,0,0.76,-0.76,128.9,2,2.38,-0.38,41.2,51.6,1.3,0.3,2019,13
1,AVL,2,0,1.22,2,1.09,2.31,-0.31,40.7,2,1.76,0.24,53.4,0,0.62,-0.62,151.6,156.7,0.4,0.2,2019,13
2,BOU,1,0,0.0,1,0.64,0.64,0.36,146.9,1,0.49,0.51,191.8,2,1.14,0.86,82.5,58.8,0.7,0.4,2019,13
3,BHA,0,0,0.34,0,0.23,0.57,-0.57,164.9,0,0.85,-0.85,110.6,2,3.58,-1.58,26.3,26.1,2.5,0.3,2019,13
4,BUR,3,0,0.68,2,0.71,2.18,0.82,43.6,0,0.16,-0.16,593.8,0,1.0,-1.0,95.0,190.0,0.5,0.5,2019,13
5,CHE,1,1,0.68,0,0.19,0.88,0.12,109.1,1,0.74,0.26,129.7,2,0.98,1.02,98.0,160.0,0.7,0.2,2019,13
6,CRY,1,1,0.93,0,0.09,1.02,-0.02,94.1,1,0.78,0.22,123.1,2,1.6,0.4,60.0,50.5,0.8,0.9,2019,13
7,EVE,0,0,0.58,0,0.38,0.96,-0.96,100.0,0,0.71,-0.71,135.2,2,1.71,0.29,56.1,41.7,1.5,0.3,2019,13
8,LEI,2,0,2.52,0,0.27,3.58,-1.58,26.3,1,1.19,-0.19,79.0,0,0.57,-0.57,164.9,inf,0.3,0.2,2019,13
9,LIV,2,1,0.75,1,0.85,1.6,0.4,60.0,1,1.34,-0.34,71.6,1,1.02,-0.02,94.1,87.3,0.9,0.1,2019,13
10,MCI,2,1,0.75,0,0.24,0.98,1.02,98.0,1,0.98,0.02,98.0,1,0.88,0.12,109.1,480.0,0.7,0.2,2019,13
11,MUN,3,3,1.29,0,0.04,1.32,1.68,72.7,2,0.8,1.2,120.0,3,1.33,1.67,72.2,33.1,1.2,0.1,2019,13
12,NEW,0,0,0.43,0,0.19,0.62,-0.62,151.6,0,0.5,-0.5,188.0,2,2.31,-0.31,40.7,37.6,1.2,1.1,2019,13
13,NOR,2,2,1.46,0,0.25,1.71,0.29,56.1,1,0.5,0.5,192.0,0,0.96,-0.96,100.0,68.6,0.6,0.4,2019,13
14,SHU,3,2,1.19,0,0.14,1.33,1.67,72.2,2,0.71,1.29,135.2,3,1.32,1.68,72.7,36.9,1.3,0.0,2019,13
15,SOU,2,0,1.29,2,0.3,2.38,-0.38,41.2,1,0.78,0.22,125.6,2,1.8,0.2,54.4,46.7,1.4,0.4,2019,13
16,TOT,3,3,1.8,0,0.33,2.14,0.86,45.3,3,1.18,1.82,82.2,2,0.68,1.32,142.6,121.3,0.4,0.3,2019,13
17,WAT,0,0,0.47,0,0.53,1.0,-1.0,95.0,0,1.03,-1.03,92.2,3,2.18,0.82,43.6,45.2,0.7,0.7,2019,13
18,WHU,2,1,0.42,1,0.27,0.68,1.32,142.6,2,0.69,1.31,140.6,3,2.14,0.86,45.3,35.9,1.8,0.3,2019,13
19,WOL,2,0,0.73,2,0.41,1.14,0.86,82.5,1,1.35,-0.35,69.6,1,0.64,0.36,146.9,156.7,0.0,0.6,2019,13
0,ARS,2,0,0.53,1,0.68,2.01,-0.01,47.3,0,1.02,-1.02,93.1,2,0.76,1.24,125.0,52.8,0.7,0.1,2019,14
1,AVL,2,1,0.92,1,0.36,1.28,0.72,74.2,2,0.71,1.29,133.8,2,1.74,0.26,54.6,73.1,1.3,0.4,2019,14
2,BOU,2,1,0.76,1,0.38,1.15,0.85,85.2,0,0.62,-0.62,158.1,3,2.35,0.65,41.7,42.6,2.3,0.0,2019,14
3,BHA,1,0,0.49,1,0.31,0.79,0.21,120.3,0,0.57,-0.57,166.7,2,1.31,0.69,72.5,67.9,1.0,0.3,2019,14
4,BUR,0,0,0.62,0,1.51,2.13,-2.13,45.1,0,1.27,-1.27,75.6,2,0.72,1.28,133.3,480.0,0.7,0.1,2019,14
5,CHE,0,0,1.87,0,0.49,2.36,-2.36,41.1,0,0.98,-0.98,99.0,1,0.95,0.05,102.1,60.6,0.4,0.5,2019,14
6,CRY,2,2,0.66,0,0.06,0.72,1.28,133.3,1,0.47,0.53,204.3,0,2.13,-2.13,45.1,160.0,0.6,1.5,2019,14
7,EVE,1,1,0.59,0,0.52,1.11,-0.11,88.3,1,0.71,0.29,138.0,2,2.18,-0.18,45.0,42.6,2.0,0.2,2019,14
8,LEI,2,1,2.01,0,0.17,2.18,-0.18,45.0,2,1.03,0.97,95.1,1,1.11,-0.11,88.3,163.3,0.6,0.5,2019,14
9,LIV,2,0,1.01,2,0.3,1.31,0.69,72.5,2,0.9,1.1,105.6,1,0.79,0.21,120.3,118.8,0.5,0.3,2019,14
10,MCI,2,2,2.22,0,0.22,2.44,-0.44,38.9,1,2.1,-1.1,45.2,2,0.27,1.73,351.9,95.0,0.1,0.1,2019,14
11,MUN,2,0,1.33,2,0.41,1.74,0.26,54.6,0,1.21,-1.21,78.5,2,1.28,0.72,74.2,118.8,0.9,0.4,2019,14
12,NEW,2,1,0.14,1,0.13,0.27,1.73,351.9,2,0.09,1.91,1055.6,2,2.44,-0.44,38.9,39.6,2.2,0.2,2019,14
13,NOR,2,2,0.7,0,0.06,0.76,1.24,125.0,2,0.44,1.56,215.9,2,2.01,-0.01,47.3,39.6,0.5,0.7,2019,14
14,SHU,1,1,1.39,0,0.11,1.5,-0.5,62.7,1,1.0,0.0,94.0,1,1.31,-0.31,71.8,78.3,0.9,0.4,2019,14
15,SOU,2,1,1.91,1,0.18,2.1,-0.1,46.2,1,1.95,-0.95,49.7,1,0.57,0.43,170.2,323.3,0.5,0.1,2019,14
16,TOT,3,3,2.32,0,0.03,2.35,0.65,41.7,3,1.56,1.44,62.8,2,1.15,0.85,85.2,122.5,0.8,0.4,2019,14
17,WAT,1,1,0.47,0,0.1,0.57,0.43,170.2,0,0.49,-0.49,198.0,2,2.1,-0.1,46.2,46.2,1.9,0.2,2019,14
18,WHU,1,1,0.43,0,0.51,0.95,0.05,102.1,1,0.8,0.2,121.3,0,2.36,-2.36,41.1,80.8,1.9,0.5,2019,14
19,WOL,1,1,0.92,0,0.39,1.31,-0.31,71.8,1,0.96,0.04,97.9,1,1.5,-0.5,62.7,67.1,1.4,0.1,2019,14
0,ARS,1,0,0.75,1,0.2,0.95,0.05,100.0,1,0.98,0.02,96.9,2,1.88,0.12,50.5,52.8,1.0,0.9,2019,15
1,AVL,1,1,0.86,0,0.18,1.04,-0.04,91.3,1,0.57,0.43,166.7,2,1.87,0.13,50.8,52.8,1.6,0.3,2019,15
2,BOU,0,0,0.17,0,0.22,0.39,-0.39,243.6,0,0.55,-0.55,172.7,1,0.34,0.66,279.4,316.7,0.2,0.2,2019,15
3,BHA,2,1,1.02,1,0.86,1.88,0.12,50.5,1,0.92,0.08,103.3,1,0.95,0.05,100.0,55.9,0.7,0.2,2019,15
4,BUR,1,1,0.52,0,0.06,0.58,0.42,162.1,1,0.33,0.67,284.8,4,2.23,1.77,42.2,26.9,2.2,0.0,2019,15
5,CHE,2,2,1.59,0,0.28,1.87,0.13,50.8,2,1.59,0.41,59.7,1,1.04,-0.04,91.3,73.1,0.9,0.2,2019,15
6,CRY,1,1,0.16,0,0.18,0.34,0.66,279.4,1,0.36,0.64,263.9,0,0.39,-0.39,243.6,237.5,0.2,0.2,2019,15
7,EVE,2,1,0.79,1,0.77,1.55,0.45,60.6,1,1.11,-0.11,84.7,5,2.05,2.95,45.9,34.8,2.0,0.1,2019,15
8,LEI,2,1,1.46,0,0.2,2.45,-0.45,39.6,1,0.59,0.41,164.4,0,0.18,-0.18,538.9,inf,0.2,0.0,2019,15
9,LIV,5,3,2.0,0,0.05,2.05,2.95,45.9,5,1.39,3.61,67.6,2,1.55,0.45,60.6,85.5,0.8,0.8,2019,15
10,MCI,4,4,2.21,0,0.02,2.23,1.77,42.2,3,1.65,1.35,57.0,1,0.58,0.42,162.1,117.5,0.5,0.1,2019,15
11,MUN,2,1,0.51,0,0.07,1.37,0.63,69.3,0,0.41,-0.41,231.7,1,0.93,0.07,102.2,55.9,0.9,0.1,2019,15
12,NEW,2,2,0.49,0,0.04,0.54,1.46,179.6,2,0.22,1.78,440.9,0,1.14,-1.14,85.1,69.3,0.7,0.4,2019,15
13,NOR,1,1,0.91,0,0.0,0.91,0.09,104.4,1,0.53,0.47,179.2,2,1.73,0.27,54.9,52.8,0.4,1.3,2019,15
14,SHU,0,0,0.74,0,0.4,1.14,-1.14,85.1,0,1.08,-1.08,89.8,2,0.54,1.46,179.6,74.6,0.5,0.0,2019,15
15,SOU,2,0,0.41,2,1.31,1.73,0.27,54.9,2,0.9,1.1,105.6,1,0.91,0.09,104.4,105.6,0.9,0.0,2019,15
16,TOT,1,1,0.86,0,0.07,0.93,0.07,102.2,0,0.26,-0.26,365.4,2,1.37,0.63,69.3,59.4,0.5,0.1,2019,15
17,WAT,0,0,0.18,0,0.03,0.18,-0.18,538.9,0,0.36,-0.36,269.4,2,2.45,-0.45,39.6,35.9,1.5,0.2,2019,15
18,WHU,0,0,0.51,0,0.05,0.56,-0.56,167.9,0,0.53,-0.53,177.4,2,1.54,0.46,61.0,42.7,1.0,0.6,2019,15
19,WOL,2,1,0.96,1,0.58,1.54,0.46,61.0,2,1.03,0.97,91.3,0,0.56,-0.56,167.9,117.5,0.5,0.0,2019,15
0,ARS,3,3,1.38,0,0.02,1.4,1.6,70.0,3,0.83,2.17,118.1,1,0.63,0.37,155.6,140.0,0.3,0.3,2019,16
1,AVL,1,0,0.83,1,0.36,1.19,-0.19,79.0,1,1.03,-0.03,91.3,4,4.81,-0.81,19.5,21.4,2.9,1.9,2019,16
2,BOU,0,0,0.14,0,0.0,0.14,-0.14,664.3,0,0.08,-0.08,1162.5,3,2.43,0.57,38.3,34.4,1.9,0.5,2019,16
3,BHA,2,2,1.14,0,0.13,1.27,0.73,74.0,2,0.62,1.38,151.6,2,1.54,0.46,61.0,40.9,1.5,0.1,2019,16
4,BUR,0,0,0.87,0,0.07,0.93,-0.93,100.0,0,0.58,-0.58,160.3,5,2.67,2.33,34.8,26.6,2.6,0.1,2019,16
5,CHE,1,1,0.84,0,0.22,1.06,-0.06,91.5,0,2.13,-2.13,45.5,3,1.79,1.21,54.2,38.8,1.7,0.1,2019,16
6,CRY,0,0,0.18,0,0.04,0.18,-0.18,533.3,0,0.13,-0.13,738.5,0,1.43,-1.43,67.1,137.1,1.1,0.3,2019,16
7,EVE,3,3,1.73,0,0.06,1.79,1.21,54.2,1,1.02,-0.02,95.1,1,1.06,-0.06,91.5,138.6,0.8,0.2,2019,16
8,LEI,4,1,2.95,1,1.86,4.81,-0.81,19.5,3,2.09,0.91,45.0,1,1.19,-0.19,79.0,85.5,0.8,0.4,2019,16
9,LIV,3,3,1.91,0,0.53,2.43,0.57,38.3,3,1.45,1.55,64.1,0,0.14,-0.14,664.3,inf,0.1,0.0,2019,16
10,MCI,1,0,1.45,1,0.78,2.22,-1.22,43.2,1,2.53,-1.53,37.9,2,1.43,0.57,67.1,53.3,0.6,0.0,2019,16
11,MUN,2,1,0.64,0,0.0,1.43,0.57,67.1,1,0.4,0.6,240.0,1,2.22,-1.22,43.2,106.7,1.4,0.8,2019,16
12,NEW,2,0,0.36,2,0.58,0.94,1.06,102.1,1,0.44,0.56,218.2,1,1.94,-0.94,49.5,240.0,0.5,1.4,2019,16
13,NOR,1,0,0.38,1,0.28,0.66,0.34,147.0,1,0.73,0.27,132.9,2,0.75,1.25,129.3,107.8,0.8,0.0,2019,16
14,SHU,2,2,0.75,0,0.0,0.75,1.25,129.3,1,0.43,0.57,225.6,1,0.66,0.34,147.0,194.0,0.4,0.3,2019,16
15,SOU,1,1,0.53,0,1.41,1.94,-0.94,49.5,1,0.78,0.22,123.1,2,0.94,1.06,102.1,64.0,0.4,0.6,2019,16
16,TOT,5,3,2.6,0,0.07,2.67,2.33,34.8,5,0.65,4.35,143.1,0,0.93,-0.93,100.0,inf,0.9,0.1,2019,16
17,WAT,0,0,1.14,0,0.29,1.43,-1.43,67.1,0,0.81,-0.81,118.5,0,0.18,-0.18,533.3,inf,0.2,0.0,2019,16
18,WHU,1,0,0.34,1,0.3,0.63,0.37,155.6,1,0.62,0.38,158.1,3,1.4,1.6,70.0,57.6,1.4,0.0,2019,16
19,WOL,2,2,1.45,0,0.09,1.54,0.46,61.0,2,1.21,0.79,77.7,2,1.27,0.73,74.0,134.3,1.1,0.1,2019,16
0,ARS,0,0,0.48,0,0.0,0.48,-0.48,195.8,0,0.3,-0.3,313.3,3,1.3,1.7,72.3,52.2,1.3,0.0,2019,17
1,AVL,0,0,0.25,0,0.03,1.07,-1.07,89.7,0,0.35,-0.35,274.3,2,1.67,0.33,57.5,120.0,1.7,0.0,2019,17
2,BOU,1,0,0.38,1,0.63,1.01,-0.01,95.0,1,0.44,0.56,218.2,0,2.16,-2.16,44.4,68.6,1.4,0.8,2019,17
3,BHA,1,1,1.46,0,0.86,2.31,-1.31,40.7,1,0.8,0.2,117.5,1,0.67,0.33,140.3,104.4,0.6,0.1,2019,17
4,BUR,1,0,0.57,1,0.87,1.43,-0.43,66.4,1,0.61,0.39,155.7,0,0.99,-0.99,96.0,inf,0.9,0.1,2019,17
5,CHE,0,0,1.41,0,0.75,2.16,-2.16,44.4,0,1.24,-1.24,77.4,1,1.01,-0.01,95.0,192.0,0.4,0.6,2019,17
6,CRY,1,1,0.55,0,0.11,0.67,0.33,140.3,1,0.49,0.51,191.8,1,2.31,-1.31,40.7,26.1,1.5,0.9,2019,17
7,EVE,1,0,0.12,1,0.19,0.31,0.69,306.5,0,0.17,-0.17,558.8,1,1.46,-0.46,65.1,86.4,1.2,0.3,2019,17
8,LEI,1,0,0.46,1,0.7,1.15,-0.15,82.6,0,1.14,-1.14,83.3,1,1.14,-0.14,83.3,135.7,0.9,0.2,2019,17
9,LIV,2,1,1.48,0,0.0,1.48,0.52,64.9,2,0.91,1.09,105.5,0,0.99,-0.99,97.0,480.0,0.9,0.0,2019,17
10,MCI,3,3,1.3,0,0.0,1.3,1.7,72.3,2,0.45,1.55,208.9,0,0.48,-0.48,195.8,940.0,0.5,0.0,2019,17
11,MUN,1,1,1.17,0,0.28,1.46,-0.46,65.1,1,0.64,0.36,148.4,1,0.31,0.69,306.5,190.0,0.1,0.2,2019,17
12,NEW,0,0,0.9,0,0.09,0.99,-0.99,96.0,0,0.73,-0.73,130.1,1,1.43,-0.43,66.4,63.3,0.6,0.9,2019,17
13,NOR,1,1,0.93,0,0.21,1.14,-0.14,83.3,1,1.15,-0.15,82.6,1,1.15,-0.15,82.6,67.9,0.5,0.7,2019,17
14,SHU,2,2,1.67,0,0.0,1.67,0.33,57.5,2,1.09,0.91,88.1,0,1.07,-1.07,89.7,inf,0.2,0.0,2019,17
15,SOU,0,0,0.82,0,0.08,0.9,-0.9,107.8,0,0.94,-0.94,103.2,1,0.86,0.14,112.8,74.6,0.7,0.2,2019,17
16,TOT,2,1,0.87,1,0.03,0.9,1.1,106.7,2,1.06,0.94,90.6,1,0.95,0.05,101.1,106.7,0.7,0.2,2019,17
17,WAT,0,0,0.95,0,0.04,0.99,-0.99,97.0,0,0.32,-0.32,300.0,2,1.48,0.52,64.9,48.0,1.5,0.0,2019,17
18,WHU,1,1,0.69,0,0.17,0.86,0.14,112.8,1,1.18,-0.18,82.2,0,0.9,-0.9,107.8,242.5,0.8,0.1,2019,17
19,WOL,1,1,0.74,0,0.21,0.95,0.05,101.1,1,0.8,0.2,120.0,2,0.9,1.1,106.7,120.0,0.9,0.0,2019,17
0,ARS,0,0,0.21,0,0.42,0.63,-0.63,150.8,0,0.18,-0.18,527.8,0,0.53,-0.53,179.2,inf,0.3,0.2,2019,18
1,AVL,1,0,0.74,1,0.36,1.1,-0.1,86.4,0,0.92,-0.92,103.3,3,2.83,0.17,33.6,59.4,2.3,0.5,2019,18
2,BOU,0,0,0.03,0,0.1,0.13,-0.13,730.8,0,0.47,-0.47,202.1,1,0.18,0.82,527.8,158.3,0.2,0.0,2019,18
3,BHA,0,0,0.25,0,0.21,0.46,-0.46,208.7,0,0.6,-0.6,160.0,1,1.28,-0.28,75.0,137.1,1.2,0.0,2019,18
4,BUR,1,1,0.18,0,0.0,0.18,0.82,527.8,1,0.39,0.61,243.6,0,0.13,-0.13,730.8,inf,0.0,0.1,2019,18
5,CHE,2,0,0.43,1,0.14,1.35,0.65,73.3,1,0.61,0.39,162.3,0,0.28,-0.28,353.6,990.0,0.2,0.1,2019,18
6,CRY,0,0,0.8,0,0.52,1.32,-1.32,72.0,0,1.07,-1.07,88.8,1,0.49,0.51,193.9,158.3,0.3,0.2,2019,18
7,EVE,0,0,0.29,0,0.24,0.53,-0.53,179.2,0,0.71,-0.71,133.8,0,0.63,-0.63,150.8,190.0,0.2,0.4,2019,18
8,LEI,1,1,1.08,0,0.0,1.08,-0.08,88.0,1,0.38,0.62,250.0,3,3.45,-0.45,27.5,25.7,2.2,0.4,2019,18
9,MCI,3,2,2.24,0,0.42,3.45,-0.45,27.5,2,2.05,-0.05,46.3,1,1.08,-0.08,88.0,118.8,1.1,0.0,2019,18
10,MUN,0,0,1.55,0,0.3,1.85,-1.85,50.8,0,1.45,-1.45,64.8,2,1.49,0.51,63.1,67.1,0.6,0.1,2019,18
11,NEW,1,0,0.28,1,0.21,0.49,0.51,193.9,0,0.41,-0.41,231.7,0,1.32,-1.32,72.0,158.3,0.8,0.5,2019,18
12,NOR,1,1,0.99,0,0.27,1.26,-0.26,77.0,0,0.73,-0.73,132.9,2,1.4,0.6,69.3,53.9,1.2,0.2,2019,18
13,SHU,1,1,1.24,0,0.04,1.28,-0.28,75.0,0,0.46,-0.46,208.7,0,0.46,-0.46,208.7,320.0,0.3,0.2,2019,18
14,SOU,3,2,2.32,1,0.5,2.83,0.17,33.6,1,1.45,-0.45,65.5,1,1.1,-0.1,86.4,86.4,0.7,0.4,2019,18
15,TOT,0,0,0.21,0,0.07,0.28,-0.28,353.6,0,0.36,-0.36,275.0,2,1.35,0.65,73.3,66.0,0.4,0.1,2019,18
16,WAT,2,0,0.56,1,0.14,1.49,0.51,63.1,1,0.49,0.51,191.8,0,1.85,-1.85,50.8,49.5,1.5,0.3,2019,18
17,WOL,2,1,1.25,1,0.15,1.4,0.6,69.3,1,0.68,0.32,142.6,1,1.26,-0.26,77.0,42.2,1.0,0.3,2019,18
0,ARS,1,1,1.43,0,0.04,1.47,-0.47,64.6,0,1.19,-1.19,79.8,1,2.03,-1.03,46.8,45.2,1.8,0.2,2019,19
1,AVL,1,1,0.38,0,0.2,0.58,0.42,165.5,1,1.03,-0.03,93.2,0,1.19,-1.19,80.7,137.1,0.8,0.4,2019,19
2,BOU,1,1,1.82,0,0.22,2.03,-1.03,46.8,1,0.82,0.18,115.9,1,1.47,-0.47,64.6,95.0,1.4,0.0,2019,19
3,BHA,1,0,0.61,1,0.39,1.0,0.0,95.0,1,0.52,0.48,182.7,2,0.81,1.19,117.3,63.3,0.6,0.3,2019,19
4,BUR,0,0,0.06,0,0.28,0.34,-0.34,279.4,0,0.67,-0.67,141.8,1,1.41,-0.41,67.4,63.3,0.5,0.9,2019,19
5,CHE,0,0,0.38,0,0.3,0.68,-0.68,139.7,0,0.77,-0.77,123.4,2,1.09,0.91,87.2,73.1,1.0,0.1,2019,19
6,CRY,2,2,2.61,0,0.09,2.7,-0.7,35.6,2,1.17,0.83,82.1,1,0.86,0.14,111.6,106.7,0.8,0.1,2019,19
7,EVE,1,1,0.47,0,0.94,1.41,-0.41,67.4,1,0.76,0.24,125.0,0,0.34,-0.34,279.4,inf,0.1,0.3,2019,19
8,LEI,0,0,0.12,0,0.0,0.12,-0.12,783.3,0,0.15,-0.15,626.7,4,3.26,0.74,28.8,29.4,2.2,0.2,2019,19
9,LIV,4,2,2.24,1,0.24,3.26,0.74,28.8,3,1.74,1.26,54.0,0,0.12,-0.12,783.3,inf,0.1,0.0,2019,19
10,MCI,2,1,0.47,1,0.2,1.46,0.54,65.1,1,0.23,0.77,413.0,3,2.6,0.4,36.5,52.8,1.7,0.9,2019,19
11,MUN,4,4,1.64,0,0.28,1.92,2.08,49.0,2,1.15,0.85,81.7,1,0.81,0.19,116.0,156.7,0.6,0.2,2019,19
12,NEW,1,1,0.6,0,0.22,0.81,0.19,116.0,1,0.6,0.4,156.7,4,1.92,2.08,49.0,30.3,1.6,0.3,2019,19
13,NOR,0,0,0.8,0,0.39,1.19,-1.19,80.7,0,1.07,-1.07,89.7,1,0.58,0.42,165.5,240.0,0.4,0.2,2019,19
14,SHU,1,0,1.0,0,0.65,2.44,-1.44,38.9,0,1.27,-1.27,74.8,1,0.58,0.42,163.8,135.7,0.4,0.2,2019,19
15,SOU,2,1,0.98,0,0.1,1.09,0.91,87.2,1,0.32,0.68,296.9,0,0.68,-0.68,139.7,135.7,0.4,0.3,2019,19
16,TOT,2,2,0.56,0,0.26,0.81,1.19,117.3,1,0.67,0.33,141.8,1,1.0,0.0,95.0,63.3,0.6,0.4,2019,19
17,WAT,1,1,0.42,0,0.16,0.58,0.42,163.8,1,0.22,0.78,431.8,1,2.44,-1.44,38.9,39.6,1.0,0.7,2019,19
18,WHU,1,1,0.75,0,0.11,0.86,0.14,111.6,1,1.03,-0.03,93.2,2,2.7,-0.7,35.6,60.0,2.6,0.1,2019,19
19,WOL,3,3,1.66,0,0.95,2.6,0.4,36.5,3,1.98,1.02,48.0,2,1.46,0.54,65.1,63.3,0.5,0.2,2019,19
0,ARS,1,0,0.16,1,0.33,0.49,0.51,200.0,1,0.49,0.51,200.0,2,1.37,0.63,71.5,89.1,0.6,0.8,2019,20
1,AVL,0,0,0.58,0,0.08,0.66,-0.66,147.0,0,0.7,-0.7,138.6,3,2.81,0.19,34.5,30.3,1.4,0.6,2019,20
2,BOU,0,0,0.42,0,0.1,0.51,-0.51,184.3,0,0.33,-0.33,284.8,2,0.84,1.16,111.9,55.3,0.8,0.0,2019,20
3,BHA,2,1,0.79,0,0.05,0.84,1.16,111.9,2,0.49,1.51,191.8,0,0.51,-0.51,184.3,940.0,0.4,0.1,2019,20
4,BUR,0,0,0.14,0,0.33,0.47,-0.47,204.3,0,0.53,-0.53,181.1,2,2.24,-0.24,42.9,53.3,2.0,0.2,2019,20
5,CHE,2,0,0.59,1,0.78,1.37,0.63,71.5,2,0.78,1.22,125.6,1,0.49,0.51,200.0,326.7,0.2,0.3,2019,20
6,CRY,1,0,0.09,1,0.17,0.26,0.74,365.4,1,0.25,0.75,380.0,1,1.37,-0.37,69.3,63.3,0.7,0.6,2019,20
7,EVE,2,1,1.93,1,1.23,3.16,-1.16,30.1,1,1.61,-0.61,59.0,1,1.77,-0.77,53.7,67.9,1.4,0.4,2019,20
8,LEI,2,2,1.58,0,0.15,2.52,-0.52,37.7,2,0.95,1.05,100.0,1,1.06,-0.06,89.6,190.0,0.5,0.6,2019,20
9,LIV,1,1,1.09,0,0.15,1.24,-0.24,76.6,1,0.9,0.1,105.6,0,0.51,-0.51,186.3,475.0,0.4,0.1,2019,20
10,MCI,2,2,0.96,0,0.16,1.13,0.87,84.1,2,0.81,1.19,117.3,0,1.07,-1.07,88.8,475.0,0.8,0.2,2019,20
11,MUN,2,1,2.02,0,0.21,2.24,-0.24,42.9,2,0.72,1.28,133.3,0,0.47,-0.47,204.3,inf,0.1,0.3,2019,20
12,NEW,1,0,1.38,1,0.39,1.77,-0.77,53.7,1,0.86,0.14,110.5,2,3.16,-1.16,30.1,32.8,1.9,1.2,2019,20
13,NOR,2,2,0.17,0,0.05,0.23,1.77,426.1,1,0.38,0.62,257.9,2,1.9,0.1,51.6,49.0,1.0,0.1,2019,20
14,SHU,0,0,0.83,0,0.24,1.07,-1.07,88.8,0,0.77,-0.77,123.4,2,1.13,0.87,84.1,79.2,1.0,0.2,2019,20
15,SOU,1,1,0.73,0,0.65,1.37,-0.37,69.3,0,0.87,-0.87,109.2,1,0.26,0.74,365.4,95.0,0.1,0.2,2019,20
16,TOT,2,0,0.99,1,0.12,1.9,0.1,51.6,0,0.96,-0.96,102.1,2,0.23,1.77,426.1,490.0,0.2,0.1,2019,20
17,WAT,3,1,1.4,0,0.63,2.81,0.19,34.5,1,1.24,-0.24,78.2,0,0.66,-0.66,147.0,323.3,0.6,0.1,2019,20
18,WHU,1,1,0.48,0,0.58,1.06,-0.06,89.6,1,0.91,0.09,104.4,2,2.52,-0.52,37.7,27.9,1.6,0.2,2019,20
19,WOL,0,0,0.39,0,0.12,0.51,-0.51,186.3,0,0.27,-0.27,351.9,1,1.24,-0.24,76.6,86.4,1.1,0.2,2019,20
0,ARS,2,1,0.85,1,0.64,1.5,0.5,63.3,0,0.45,-0.45,211.1,0,0.69,-0.69,137.7,475.0,0.5,0.2,2019,21
1,AVL,2,2,1.02,0,0.29,1.31,0.69,76.3,1,0.66,0.34,151.5,1,2.27,-1.27,44.1,125.0,1.3,1.0,2019,21
2,BOU,0,0,0.59,0,0.0,0.59,-0.59,161.0,0,0.68,-0.68,139.7,4,2.35,1.65,40.4,28.8,1.3,0.3,2019,21
3,BHA,1,0,0.72,1,0.62,1.34,-0.34,70.9,1,0.69,0.31,137.7,1,1.31,-0.31,72.5,95.0,0.6,0.7,2019,21
4,BUR,1,1,1.28,0,0.99,2.27,-1.27,44.1,1,2.65,-1.65,37.7,2,1.31,0.69,76.3,111.1,1.0,0.3,2019,21
5,CHE,1,0,0.59,1,0.71,1.31,-0.31,72.5,0,0.74,-0.74,128.4,1,1.34,-0.34,70.9,59.4,0.7,0.6,2019,21
6,CRY,1,1,1.29,0,0.1,1.39,-0.39,69.1,1,0.73,0.27,131.5,1,1.52,-0.52,63.2,64.0,1.1,0.4,2019,21
7,EVE,1,1,0.89,0,0.15,1.04,-0.04,91.3,0,0.4,-0.4,237.5,2,1.52,0.48,62.5,45.2,1.3,0.3,2019,21
8,LEI,3,3,2.07,0,0.57,2.65,0.35,35.5,2,1.55,0.45,60.6,0,0.74,-0.74,127.0,117.5,0.7,0.0,2019,21
9,LIV,2,2,2.49,0,0.32,2.82,-0.82,33.0,1,2.15,-1.15,43.3,0,0.63,-0.63,147.6,116.3,0.6,0.5,2019,21
10,MCI,2,2,1.26,0,0.25,1.52,0.48,62.5,2,0.83,1.17,114.5,1,1.04,-0.04,91.3,63.3,0.9,0.1,2019,21
11,MUN,0,0,0.48,0,0.21,0.69,-0.69,137.7,0,0.93,-0.93,102.2,2,1.5,0.5,63.3,63.3,0.9,0.6,2019,21
12,NEW,0,0,0.74,0,0.0,0.74,-0.74,127.0,0,0.39,-0.39,241.0,3,2.65,0.35,35.5,26.1,2.1,0.6,2019,21
13,NOR,1,1,1.1,0,0.42,1.52,-0.52,63.2,1,0.52,0.48,184.6,1,1.39,-0.39,69.1,87.3,1.3,0.1,2019,21
14,SHU,0,0,0.63,0,0.47,0.63,-0.63,147.6,0,0.81,-0.81,114.8,2,2.82,-0.82,33.0,34.4,2.5,0.3,2019,21
15,SOU,1,1,1.09,0,0.26,1.35,-0.35,71.1,1,0.83,0.17,115.7,0,0.9,-0.9,106.7,192.0,0.4,0.5,2019,21
16,TOT,0,0,0.37,0,0.54,0.9,-0.9,106.7,0,1.82,-1.82,52.7,1,1.35,-0.35,71.1,96.0,1.1,0.3,2019,21
17,WAT,2,2,0.91,0,0.15,1.07,0.93,90.7,2,0.41,1.59,236.6,1,1.2,-0.2,80.8,51.1,1.0,0.2,2019,21
18,WHU,4,3,1.3,0,0.26,2.35,1.65,40.4,3,0.88,2.12,108.0,0,0.59,-0.59,161.0,237.5,0.6,0.0,2019,21
19,WOL,1,1,1.01,0,0.19,1.2,-0.2,80.8,1,0.78,0.22,124.4,2,1.07,0.93,90.7,64.7,0.9,0.2,2019,21
0,ARS,1,1,1.27,0,0.12,1.39,-0.39,69.8,1,0.44,0.56,220.5,1,0.58,0.42,167.2,323.3,0.1,0.5,2019,22
1,AVL,1,0,0.28,0,0.08,1.15,-0.15,80.0,0,0.18,-0.18,511.1,6,2.81,3.19,32.7,24.9,2.2,0.6,2019,22
2,BOU,0,0,0.23,0,0.15,0.38,-0.38,250.0,0,0.67,-0.67,141.8,3,2.05,0.95,46.3,50.0,1.9,0.2,2019,22
3,BHA,0,0,0.73,0,0.55,1.28,-1.28,75.0,0,0.55,-0.55,174.5,1,1.74,-0.74,55.2,45.7,1.6,0.2,2019,22
4,BUR,0,0,0.07,0,0.71,0.78,-0.78,119.2,0,0.19,-0.19,489.5,3,2.74,0.26,33.9,37.2,1.9,0.1,2019,22
5,CHE,3,2,1.85,0,0.1,2.74,0.26,33.9,2,1.12,0.88,83.0,0,0.78,-0.78,119.2,232.5,0.1,0.7,2019,22
6,CRY,1,0,0.11,1,0.47,0.58,0.42,167.2,1,0.68,0.32,142.6,1,1.39,-0.39,69.8,31.3,1.3,0.1,2019,22
7,EVE,1,1,1.56,0,0.18,1.74,-0.74,55.2,1,1.1,-0.1,87.3,0,1.28,-1.28,75.0,87.3,0.7,0.5,2019,22
8,LEI,1,0,0.17,1,0.53,0.69,0.31,140.6,1,0.69,0.31,140.6,2,2.18,-0.18,44.5,32.3,1.6,0.6,2019,22
9,LIV,1,1,1.03,0,0.18,1.2,-0.2,79.2,1,2.15,-1.15,44.2,0,1.24,-1.24,76.6,316.7,1.1,0.2,2019,22
10,MCI,6,6,2.17,0,0.64,2.81,3.19,32.7,6,1.37,4.63,67.2,1,1.15,-0.15,80.0,92.0,0.3,0.1,2019,22
11,MUN,4,2,2.0,1,0.08,2.86,1.14,32.9,2,2.33,-0.33,40.3,0,0.29,-0.29,324.1,134.3,0.2,0.1,2019,22
12,NEW,1,1,0.2,0,0.0,0.2,0.8,475.0,1,0.19,0.81,500.0,1,1.64,-0.64,57.9,86.4,1.5,0.2,2019,22
13,NOR,0,0,0.18,0,0.11,0.29,-0.29,324.1,0,0.31,-0.31,303.2,4,2.86,1.14,32.9,34.8,2.0,0.1,2019,22
14,SHU,1,1,0.93,0,0.48,1.41,-0.41,68.1,1,0.89,0.11,107.9,0,0.74,-0.74,129.7,320.0,0.5,0.2,2019,22
15,SOU,2,2,1.57,0,0.61,2.18,-0.18,44.5,2,0.95,1.05,102.1,1,0.69,0.31,140.6,107.8,0.2,0.5,2019,22
16,TOT,0,0,1.08,0,0.16,1.24,-1.24,76.6,0,0.86,-0.86,110.5,1,1.2,-0.2,79.2,73.1,1.0,0.2,2019,22
17,WAT,3,3,1.87,0,0.18,2.05,0.95,46.3,2,1.03,0.97,92.2,0,0.38,-0.38,250.0,475.0,0.2,0.1,2019,22
18,WHU,0,0,0.54,0,0.2,0.74,-0.74,129.7,0,0.61,-0.61,157.4,1,1.41,-0.41,68.1,106.7,0.9,0.5,2019,22
19,WOL,1,0,1.47,1,0.17,1.64,-0.64,57.9,0,0.81,-0.81,117.3,1,0.2,0.8,475.0,475.0,0.2,0.0,2019,22
0,ARS,1,1,1.2,0,0.16,1.36,-0.36,69.1,0,0.43,-0.43,218.6,1,0.79,0.21,119.0,94.0,0.4,0.4,2019,23
1,AVL,1,1,0.3,0,0.34,0.64,0.36,150.0,1,0.31,0.69,309.7,1,1.12,-0.12,85.7,120.0,0.7,0.4,2019,23
2,BOU,0,0,0.07,0,0.6,0.67,-0.67,143.3,0,1.06,-1.06,90.6,1,1.86,-0.86,51.6,56.5,1.0,0.1,2019,23
3,BHA,1,1,0.68,0,0.44,1.12,-0.12,85.7,1,0.62,0.38,154.8,1,0.64,0.36,150.0,160.0,0.3,0.3,2019,23
4,BUR,2,1,0.49,1,0.94,1.43,0.57,66.4,0,0.36,-0.36,263.9,1,2.53,-1.53,37.5,35.2,1.3,0.5,2019,23
5,CHE,0,0,2.15,0,0.24,2.4,-2.4,40.0,0,1.62,-1.62,59.3,1,0.59,0.41,162.7,137.1,0.4,0.2,2019,23
6,CRY,2,1,0.11,1,0.26,0.37,1.63,262.2,1,0.34,0.66,285.3,2,2.77,-0.77,35.0,44.1,2.3,0.4,2019,23
7,EVE,1,0,1.23,1,0.56,1.79,-0.79,53.1,1,1.3,-0.3,73.1,1,1.27,-0.27,74.8,73.1,1.2,0.1,2019,23
8,LEI,1,1,1.26,0,0.48,2.53,-1.53,37.5,1,1.18,-0.18,80.5,2,1.43,0.57,66.4,45.2,0.5,0.9,2019,23
9,LIV,2,0,1.69,1,0.19,1.87,0.13,50.3,2,1.1,0.9,85.5,0,1.3,-1.3,72.3,470.0,1.2,0.1,2019,23
10,MCI,2,2,2.33,0,0.44,2.77,-0.77,35.0,2,3.84,-1.84,25.3,2,0.37,1.63,262.2,138.6,0.1,0.3,2019,23
11,MUN,0,0,1.16,0,0.14,1.3,-1.3,72.3,0,1.33,-1.33,70.7,2,1.87,0.13,50.3,67.1,1.7,0.2,2019,23
12,NEW,1,0,0.38,1,0.21,0.59,0.41,162.7,1,0.45,0.55,213.3,0,2.4,-2.4,40.0,320.0,2.2,0.2,2019,23
13,NOR,1,0,0.99,0,0.08,1.86,-0.86,51.6,0,0.87,-0.87,110.3,0,0.67,-0.67,143.3,320.0,0.1,0.6,2019,23
14,SHU,1,1,0.35,0,0.44,0.79,0.21,119.0,0,0.74,-0.74,127.0,1,1.36,-0.36,69.1,55.3,1.2,0.2,2019,23
15,SOU,2,1,0.46,1,0.22,0.68,1.32,142.6,1,0.58,0.42,167.2,3,2.42,0.58,40.1,35.9,1.6,0.1,2019,23
16,TOT,0,0,2.02,0,0.0,2.02,-2.02,47.0,0,1.25,-1.25,76.0,0,2.56,-2.56,37.1,59.4,1.7,0.1,2019,23
17,WAT,0,0,1.69,0,0.08,2.56,-2.56,37.1,0,0.67,-0.67,141.8,0,2.02,-2.02,47.0,118.8,2.0,0.0,2019,23
18,WHU,1,0,1.2,1,0.08,1.27,-0.27,74.8,1,0.62,0.38,153.2,1,1.79,-0.79,53.1,86.4,1.2,0.6,2019,23
19,WOL,3,2,1.57,0,0.06,2.42,0.58,40.1,2,0.74,1.26,131.1,2,0.68,1.32,142.6,107.8,0.5,0.2,2019,23
0,ARS,2,1,0.39,0,0.0,0.39,1.61,243.6,2,0.13,1.87,730.8,2,2.93,-0.93,32.4,33.9,1.4,0.7,2019,24
1,AVL,2,1,0.78,1,0.51,1.29,0.71,74.4,1,0.56,0.44,171.4,1,1.83,-0.83,52.5,60.0,1.8,0.0,2019,24
2,BOU,3,1,1.12,1,0.3,1.42,1.58,67.6,1,0.61,0.39,157.4,1,1.87,-0.87,51.3,87.3,1.0,0.9,2019,24
3,BHA,1,1,1.02,0,0.86,1.87,-0.87,51.3,0,0.58,-0.58,165.5,3,1.42,1.58,67.6,96.0,1.1,0.3,2019,24
4,BUR,2,1,0.04,1,0.58,0.62,1.38,153.2,2,0.4,1.6,237.5,0,1.39,-1.39,68.3,52.8,1.1,0.3,2019,24
5,CHE,2,0,1.43,1,0.71,2.93,-0.93,32.4,1,1.87,-0.87,50.8,2,0.39,1.61,243.6,79.2,0.4,0.0,2019,24
6,CRY,0,0,0.54,0,0.05,0.59,-0.59,161.0,0,0.6,-0.6,158.3,2,1.13,0.87,84.1,73.1,0.8,0.4,2019,24
7,EVE,2,2,1.52,0,0.31,1.83,0.17,52.5,2,1.48,0.52,64.9,2,1.43,0.57,67.1,56.5,0.1,1.4,2019,24
8,LEI,4,3,2.03,0,0.09,2.91,1.09,32.6,3,1.12,1.88,84.8,1,1.63,-0.63,58.3,52.8,0.1,0.7,2019,24
9,LIV,4,1,2.8,1,0.35,3.93,0.07,47.8,3,1.63,1.37,115.3,1,2.49,-1.49,75.5,94.0,1.6,0.8,2019,24
10,MCI,1,1,1.69,0,0.36,2.84,-1.84,33.8,1,1.44,-0.44,66.7,0,0.77,-0.77,124.7,inf,0.7,0.1,2019,24
11,MUN,0,0,1.11,0,0.28,1.39,-1.39,68.3,0,1.64,-1.64,57.9,2,0.62,1.38,153.2,135.7,0.0,0.6,2019,24
12,NEW,2,0,0.07,2,1.35,1.43,0.57,67.1,0,0.24,-0.24,400.0,2,1.83,0.17,52.5,43.6,1.5,0.3,2019,24
13,NOR,1,0,0.47,0,0.21,1.47,-0.47,66.0,0,0.82,-0.82,118.3,2,2.14,-0.14,45.3,44.1,2.1,0.1,2019,24
14,SHU,0,0,0.68,0,0.09,0.77,-0.77,124.7,0,0.57,-0.57,168.4,1,2.84,-1.84,33.8,40.0,1.7,0.4,2019,24
15,SOU,2,2,0.77,0,0.36,1.13,0.87,84.1,2,1.46,0.54,65.1,0,0.59,-0.59,161.0,inf,0.5,0.1,2019,24
16,TOT,2,2,2.08,0,0.06,2.14,-0.14,45.3,1,1.13,-0.13,85.8,1,1.47,-0.47,66.0,88.2,0.5,0.2,2019,24
17,WAT,1,1,1.83,0,0.0,1.83,-0.83,52.5,1,0.62,0.38,154.8,2,1.29,0.71,74.4,60.0,0.8,0.5,2019,24
18,WHU,1,0,0.33,0,1.18,2.3,-1.3,82.2,0,0.84,-0.84,225.0,6,5.69,0.31,33.2,27.8,3.9,0.2,2019,24
19,WOL,1,1,1.43,0,0.39,1.82,-0.82,51.6,1,1.37,-0.37,68.6,2,1.16,0.84,81.0,67.1,0.9,0.3,2019,24
0,ARS,0,0,1.12,0,0.09,1.21,-1.21,77.7,0,0.92,-0.92,102.2,0,1.96,-1.96,48.0,188.0,1.5,0.5,2019,25
1,AVL,1,1,1.28,0,0.47,1.76,-0.76,54.0,0,0.92,-0.92,103.3,2,2.17,-0.17,43.8,63.3,1.4,0.7,2019,25
2,BOU,2,0,1.44,2,0.73,2.17,-0.17,43.8,1,1.45,-0.45,65.5,1,1.76,-0.76,54.0,190.0,1.3,0.5,2019,25
3,BHA,3,2,1.66,1,0.25,1.91,1.09,50.8,1,1.01,-0.01,96.0,3,0.82,2.18,118.3,242.5,0.5,0.3,2019,25
4,BUR,0,0,1.46,0,0.5,1.96,-1.96,48.0,0,1.52,-1.52,61.8,0,1.21,-1.21,77.7,313.3,1.1,0.1,2019,25
5,CHE,2,0,0.24,2,0.33,0.57,1.43,168.4,2,0.78,1.22,123.1,2,1.4,0.6,68.6,80.0,1.1,0.3,2019,25
6,CRY,0,0,0.58,0,0.2,0.78,-0.78,124.4,0,0.61,-0.61,159.0,1,0.74,0.26,131.1,121.3,0.5,0.3,2019,25
7,EVE,3,0,1.19,2,1.24,2.43,0.57,39.5,2,0.76,1.24,126.3,2,0.87,1.13,110.3,192.0,0.6,0.3,2019,25
8,LEI,2,2,1.07,0,0.33,1.4,0.6,68.6,2,0.66,1.34,145.5,2,0.57,1.43,168.4,137.1,0.2,0.3,2019,25
9,LIV,4,3,2.78,0,0.39,3.17,0.83,30.0,4,1.38,2.62,68.8,0,0.78,-0.78,121.8,316.7,0.6,0.2,2019,25
10,MCI,0,0,1.98,0,0.09,2.86,-2.86,33.6,0,2.01,-2.01,47.8,2,0.31,1.69,309.7,137.1,0.3,0.0,2019,25
11,MUN,0,0,0.72,0,0.3,1.02,-1.02,93.1,0,0.87,-0.87,109.2,0,1.3,-1.3,73.1,95.0,0.8,0.5,2019,25
12,NEW,0,0,0.67,0,0.38,1.04,-1.04,91.3,0,0.54,-0.54,175.9,0,2.23,-2.23,42.6,43.2,1.6,0.7,2019,25
13,NOR,0,0,1.56,0,0.67,2.23,-2.23,42.6,0,1.43,-1.43,66.4,0,1.04,-1.04,91.3,86.4,0.7,0.4,2019,25
14,SHU,1,0,0.49,1,0.26,0.74,0.26,131.1,0,0.33,-0.33,293.9,0,0.78,-0.78,124.4,242.5,0.6,0.2,2019,25
15,SOU,0,0,0.62,0,0.16,0.78,-0.78,121.8,0,0.48,-0.48,197.9,4,3.17,0.83,30.0,26.4,2.8,0.4,2019,25
16,TOT,2,1,0.27,1,0.04,0.31,1.69,309.7,2,0.23,1.77,417.4,0,2.86,-2.86,33.6,48.0,2.0,0.1,2019,25
17,WAT,2,2,0.56,0,0.31,0.87,1.13,110.3,2,0.32,1.68,300.0,3,2.43,0.57,39.5,32.0,1.2,1.2,2019,25
18,WHU,3,1,0.48,2,0.34,0.82,2.18,118.3,1,0.65,0.35,149.2,3,1.91,1.09,50.8,60.6,1.7,0.2,2019,25
19,WOL,0,0,0.82,0,0.48,1.3,-1.3,73.1,0,0.84,-0.84,113.1,0,1.02,-1.02,93.1,158.3,0.7,0.3,2019,25
0,ARS,4,4,2.43,0,0.18,2.6,1.4,37.3,4,2.11,1.89,46.0,0,0.86,-0.86,112.8,485.0,0.5,0.3,2019,26
1,AVL,2,1,0.84,1,1.03,1.87,0.13,51.3,1,1.34,-0.34,71.6,3,3.42,-0.42,28.1,34.3,2.3,0.3,2019,26
2,BOU,1,1,0.87,0,0.58,1.45,-0.45,65.5,0,0.96,-0.96,99.0,2,2.02,-0.02,47.0,55.9,1.0,1.0,2019,26
3,BHA,1,1,0.66,0,0.11,0.77,0.23,123.4,0,0.85,-0.85,111.8,1,0.23,0.77,413.0,135.7,0.2,0.0,2019,26
4,BUR,2,1,0.8,1,0.01,0.81,1.19,117.3,1,0.44,0.56,215.9,1,0.76,0.24,125.0,237.5,0.6,0.2,2019,26
5,CHE,0,0,0.66,0,0.29,0.94,-0.94,102.1,0,1.29,-1.29,74.4,2,0.63,1.37,152.4,137.1,0.5,0.2,2019,26
6,CRY,1,1,1.01,0,0.12,1.12,-0.12,83.9,1,0.35,0.65,268.6,3,2.46,0.54,38.2,30.3,1.7,0.8,2019,26
7,EVE,3,1,1.68,1,0.77,2.46,0.54,38.2,2,0.4,1.6,235.0,1,1.12,-0.12,83.9,104.4,1.0,0.1,2019,26
8,LEI,0,0,0.35,0,0.36,0.71,-0.71,135.2,0,0.45,-0.45,213.3,0,0.96,-0.96,100.0,320.0,0.6,0.4,2019,26
9,LIV,1,1,1.97,0,0.09,2.06,-1.06,45.1,1,1.16,-0.16,80.2,0,0.35,-0.35,265.7,inf,0.3,0.1,2019,26
10,MCI,2,1,2.06,1,0.08,2.13,-0.13,44.6,2,2.59,-0.59,36.7,0,0.1,-0.1,950.0,inf,0.1,0.0,2019,26
11,MUN,2,1,0.46,1,0.17,0.63,1.37,152.4,2,0.41,1.59,234.1,0,0.94,-0.94,102.1,480.0,0.7,0.3,2019,26
12,NEW,0,0,0.55,0,0.31,0.86,-0.86,112.8,0,0.71,-0.71,136.6,4,2.6,1.4,37.3,27.7,2.4,0.2,2019,26
13,NOR,0,0,0.26,0,0.09,0.35,-0.35,265.7,0,0.54,-0.54,172.2,1,2.06,-1.06,45.1,51.7,2.0,0.1,2019,26
14,SHU,2,1,1.04,1,0.98,2.02,-0.02,47.0,1,1.25,-0.25,76.0,1,1.45,-0.45,65.5,105.6,0.9,0.6,2019,26
15,SOU,1,1,0.58,0,0.19,0.76,0.24,125.0,0,0.88,-0.88,108.0,2,0.81,1.19,117.3,135.7,0.8,0.0,2019,26
16,TOT,3,1,2.31,2,0.32,3.42,-0.42,28.1,1,1.01,-0.01,95.0,2,1.87,0.13,51.3,192.0,0.8,1.0,2019,26
17,WAT,1,0,0.2,0,0.03,0.23,0.77,413.0,1,0.26,0.74,365.4,1,0.77,0.23,123.4,95.0,0.7,0.1,2019,26
18,WHU,0,0,0.07,0,0.03,0.1,-0.1,950.0,0,0.12,-0.12,791.7,2,2.13,-0.13,44.6,73.1,2.1,0.1,2019,26
19,WOL,0,0,0.6,0,0.37,0.96,-0.96,100.0,0,0.66,-0.66,145.5,0,0.71,-0.71,135.2,192.0,0.3,0.4,2019,26
0,ARS,3,3,1.22,0,0.08,1.3,1.7,73.8,3,0.86,2.14,111.6,2,2.81,-0.81,34.2,38.4,1.7,1.1,2019,27
1,AVL,0,0,0.46,0,0.0,0.46,-0.46,208.7,0,0.34,-0.34,282.4,2,2.65,-0.65,36.2,50.5,2.3,0.4,2019,27
2,BOU,0,0,1.62,0,0.16,1.77,-1.77,53.7,0,1.46,-1.46,65.1,3,3.15,-0.15,30.2,25.0,2.3,0.1,2019,27
3,BHA,1,0,0.19,1,1.02,1.2,-0.2,79.2,1,0.42,0.58,226.2,1,1.62,-0.62,58.6,86.4,0.9,0.7,2019,27
4,BUR,3,1,2.31,0,0.06,3.15,-0.15,30.2,2,0.63,1.37,150.8,0,1.77,-1.77,53.7,73.1,1.6,0.2,2019,27
5,CHE,2,2,1.42,0,0.33,1.76,0.24,54.0,1,0.8,0.2,118.8,1,0.24,0.76,395.8,237.5,0.1,0.1,2019,27
6,CRY,1,0,0.48,1,1.09,1.57,-0.57,61.8,0,1.52,-1.52,63.8,0,0.24,-0.24,404.2,323.3,0.2,0.1,2019,27
7,EVE,2,0,1.71,2,1.1,2.81,-0.81,34.2,1,1.18,-0.18,81.4,3,1.3,1.7,73.8,45.7,1.2,0.1,2019,27
8,LEI,0,0,0.65,0,0.2,0.85,-0.85,110.6,0,0.64,-0.64,146.9,1,2.52,-1.52,37.3,26.9,1.4,0.3,2019,27
9,LIV,3,3,1.4,0,1.07,2.47,0.53,38.9,3,1.6,1.4,60.0,2,0.7,1.3,137.1,137.1,0.5,0.2,2019,27
10,MCI,1,1,1.43,0,0.3,2.52,-1.52,37.3,1,1.42,-0.42,66.2,0,0.85,-0.85,110.6,313.3,0.6,0.2,2019,27
11,MUN,3,1,1.54,0,0.1,2.43,0.57,38.7,1,0.74,0.26,127.0,0,0.33,-0.33,284.8,470.0,0.2,0.2,2019,27
12,NEW,0,0,0.19,0,0.06,0.24,-0.24,404.2,0,0.25,-0.25,388.0,1,1.57,-0.57,61.8,48.5,0.5,1.1,2019,27
13,NOR,0,0,0.38,0,0.0,0.38,-0.38,252.6,0,0.41,-0.41,234.1,3,2.99,0.01,32.1,31.0,2.0,0.9,2019,27
14,SHU,1,0,0.95,1,0.67,1.62,-0.62,58.6,0,1.34,-1.34,70.9,1,1.2,-0.2,79.2,79.2,0.2,1.0,2019,27
15,SOU,2,1,2.27,0,0.37,2.65,-0.65,36.2,2,0.62,1.38,154.8,0,0.46,-0.46,208.7,240.0,0.5,0.0,2019,27
16,TOT,1,1,0.1,0,0.13,0.24,0.76,395.8,0,0.29,-0.29,327.6,2,1.76,0.24,54.0,45.2,1.4,0.3,2019,27
17,WAT,0,0,0.18,0,0.15,0.33,-0.33,284.8,0,0.38,-0.38,247.4,3,2.43,0.57,38.7,37.6,1.5,0.1,2019,27
18,WHU,2,1,0.5,1,0.2,0.7,1.3,137.1,2,0.56,1.44,171.4,3,2.47,0.53,38.9,53.3,1.4,1.1,2019,27
19,WOL,3,1,2.04,1,0.95,2.99,0.01,32.1,2,0.65,1.35,147.7,0,0.38,-0.38,252.6,240.0,0.4,0.0,2019,27
0,BOU,2,1,1.15,1,0.21,1.37,0.63,70.1,2,0.97,1.03,99.0,2,1.92,0.08,50.0,64.0,1.6,0.3,2019,28
1,BHA,0,0,1.26,0,0.9,2.17,-2.17,43.8,0,1.02,-1.02,93.1,1,2.5,-1.5,38.0,79.2,1.5,1.0,2019,28
2,BUR,0,0,0.44,0,0.27,0.71,-0.71,133.8,0,0.38,-0.38,250.0,0,1.08,-1.08,88.0,135.7,0.7,0.3,2019,28
3,CHE,2,2,1.62,0,0.3,1.92,0.08,50.0,0,1.31,-1.31,73.3,2,1.37,0.63,70.1,68.6,1.2,0.2,2019,28
4,CRY,1,1,1.51,0,0.99,2.5,-1.5,38.0,1,1.16,-0.16,81.9,0,2.17,-2.17,43.8,63.3,1.3,0.9,2019,28
5,EVE,1,1,1.32,0,0.77,2.09,-1.09,45.5,0,0.92,-0.92,103.3,1,1.13,-0.13,84.1,67.9,1.1,0.1,2019,28
6,LEI,0,0,0.87,0,0.4,1.27,-1.27,75.6,0,1.0,-1.0,96.0,1,0.63,0.37,152.4,120.0,0.4,0.3,2019,28
7,LIV,0,0,0.2,0,0.08,0.29,-0.29,324.1,0,0.58,-0.58,162.1,3,2.34,0.66,40.2,55.3,1.7,0.7,2019,28
8,MUN,1,1,1.07,0,0.06,1.13,-0.13,84.1,1,0.54,0.46,175.9,1,2.09,-1.09,45.5,55.9,1.3,0.8,2019,28
9,NEW,0,0,0.75,0,0.33,1.08,-1.08,88.0,0,0.43,-0.43,220.9,0,0.71,-0.71,133.8,950.0,0.4,0.3,2019,28
10,NOR,1,1,0.36,0,0.26,0.63,0.37,152.4,1,0.43,0.57,223.3,0,1.27,-1.27,75.6,192.0,0.9,0.4,2019,28
11,SOU,1,1,0.55,0,0.16,0.71,0.29,132.4,1,0.83,0.17,113.3,3,2.33,0.67,40.3,31.3,2.1,0.2,2019,28
12,TOT,2,2,1.61,0,0.09,1.7,0.3,56.5,1,0.42,0.58,228.6,3,2.56,0.44,37.5,33.1,2.2,0.4,2019,28
13,WAT,3,2,1.67,1,0.68,2.34,0.66,40.2,3,1.01,1.99,93.1,0,0.29,-0.29,324.1,940.0,0.2,0.1,2019,28
14,WHU,3,3,2.08,0,0.25,2.33,0.67,40.3,3,1.41,1.59,66.7,1,0.71,0.29,132.4,94.0,0.6,0.2,2019,28
15,WOL,3,3,2.18,0,0.38,2.56,0.44,37.5,1,0.48,0.52,200.0,2,1.7,0.3,56.5,48.0,1.6,0.1,2019,28
0,ARS,1,1,1.13,0,0.14,1.27,-0.27,75.6,1,1.08,-0.08,88.9,0,1.5,-1.5,64.0,120.0,0.8,0.7,2019,29
1,AVL,0,0,0.21,0,0.26,0.47,-0.47,200.0,0,0.29,-0.29,324.1,4,2.12,1.88,44.3,55.3,0.7,0.6,2019,29
2,BOU,1,0,1.33,0,0.06,1.39,-0.39,68.3,1,0.93,0.07,102.2,2,1.8,0.2,52.8,39.6,1.7,0.1,2019,29
3,BHA,0,0,0.28,0,0.0,0.28,-0.28,335.7,0,0.47,-0.47,200.0,0,0.79,-0.79,119.0,inf,0.8,0.0,2019,29
4,BUR,1,1,1.77,0,1.38,3.15,-2.15,30.2,0,1.25,-1.25,76.0,1,1.2,-0.2,79.2,95.0,0.4,0.1,2019,29
5,CHE,4,3,1.22,1,0.62,1.85,2.15,50.8,4,1.13,2.87,83.2,0,0.5,-0.5,188.0,940.0,0.4,0.1,2019,29
6,CRY,1,1,0.63,0,0.19,0.82,0.18,117.1,1,0.77,0.23,124.7,0,0.57,-0.57,168.4,240.0,0.4,0.2,2019,29
7,EVE,0,0,0.42,0,0.08,0.5,-0.5,188.0,0,0.3,-0.3,313.3,4,1.85,2.15,50.8,21.9,1.2,0.6,2019,29
8,LEI,4,2,0.7,0,0.63,2.12,1.88,44.3,2,1.09,0.91,86.2,0,0.47,-0.47,200.0,940.0,0.2,0.3,2019,29
9,LIV,2,1,1.73,0,0.07,1.8,0.2,52.8,2,1.04,0.96,91.3,1,1.39,-0.39,68.3,86.4,1.3,0.1,2019,29
10,MCI,0,0,0.55,0,0.07,0.62,-0.62,158.1,0,0.54,-0.54,181.5,2,1.62,0.38,60.5,70.0,1.4,0.2,2019,29
11,MUN,2,1,1.44,1,0.18,1.62,0.38,60.5,1,0.44,0.56,222.7,0,0.62,-0.62,158.1,196.0,0.6,0.1,2019,29
12,NEW,1,1,1.82,0,0.17,2.79,-1.79,34.4,0,0.6,-0.6,160.0,0,0.6,-0.6,160.0,480.0,0.2,0.4,2019,29
13,NOR,0,0,0.2,0,1.37,1.57,-1.57,60.5,0,0.99,-0.99,96.0,1,0.98,0.02,96.9,190.0,0.7,0.3,2019,29
14,SHU,1,1,0.68,0,0.3,0.98,0.02,96.9,1,0.87,0.13,109.2,0,1.57,-1.57,60.5,55.9,0.2,1.4,2019,29
15,SOU,0,0,0.19,0,0.41,0.6,-0.6,160.0,0,0.74,-0.74,129.7,1,2.79,-1.79,34.4,24.6,1.8,0.2,2019,29
16,TOT,1,0,0.37,0,0.05,1.2,-0.2,79.2,0,0.38,-0.38,250.0,1,3.15,-2.15,30.2,38.0,1.8,1.4,2019,29
17,WAT,0,0,0.37,0,0.2,0.57,-0.57,168.4,0,0.55,-0.55,174.5,1,0.82,0.18,117.1,106.7,0.6,0.2,2019,29
18,WHU,0,0,0.84,0,0.65,1.5,-1.5,64.0,0,1.0,-1.0,96.0,1,1.27,-0.27,75.6,60.0,1.1,0.1,2019,29
19,WOL,0,0,0.79,0,0.0,0.79,-0.79,119.0,0,0.46,-0.46,204.3,0,0.28,-0.28,335.7,inf,0.3,0.0,2019,29
0,ARS,1,1,1.0,0,0.08,1.08,-0.08,184.3,1,0.77,0.23,258.4,5,3.88,1.12,51.3,39.0,2.3,0.8,2019,30
1,AVL,1,0,0.21,1,2.26,2.47,-1.47,77.3,0,1.85,-1.85,103.2,2,1.39,0.61,137.4,173.6,1.0,0.4,2019,30
2,BOU,0,0,0.2,0,0.3,0.5,-0.5,196.0,0,0.51,-0.51,192.2,2,0.76,1.24,128.9,75.4,0.5,0.2,2019,30
3,BHA,2,1,0.44,1,0.6,1.04,0.96,93.3,1,0.62,0.38,156.5,1,0.82,0.18,118.3,74.6,0.7,0.1,2019,30
4,BUR,0,0,0.0,0,0.04,0.04,-0.04,2325.0,0,0.06,-0.06,1550.0,5,2.43,2.57,38.3,35.8,1.2,0.4,2019,30
5,CHE,2,2,0.87,0,0.19,1.06,0.94,90.6,2,0.96,1.04,100.0,1,1.04,-0.04,92.3,80.0,0.1,1.0,2019,30
6,CRY,2,1,0.53,1,0.23,0.76,1.24,128.9,1,0.49,0.51,200.0,0,0.5,-0.5,196.0,980.0,0.2,0.3,2019,30
7,EVE,0,0,0.83,0,0.1,0.93,-0.93,101.1,0,0.94,-0.94,100.0,0,0.73,-0.73,128.8,235.0,0.3,0.5,2019,30
8,LEI,1,1,0.59,0,0.38,0.97,0.03,99.0,1,0.88,0.12,109.1,1,1.26,-0.26,76.2,137.1,0.9,0.4,2019,30
9,LIV,0,0,0.27,0,0.46,0.73,-0.73,128.8,0,0.86,-0.86,109.3,0,0.93,-0.93,101.1,156.7,0.8,0.1,2019,30
10,MCI,8,4,3.08,2,0.61,5.27,2.73,37.0,4,2.72,1.28,71.7,0,0.3,-0.3,650.0,inf,0.3,0.0,2019,30
11,MUN,1,0,0.93,0,0.0,1.71,-0.71,56.7,0,0.51,-0.51,190.2,1,0.39,0.61,248.7,242.5,0.2,0.2,2019,30
12,NEW,3,3,1.89,0,0.15,2.04,0.96,46.1,3,1.15,1.85,81.7,0,0.64,-0.64,146.9,inf,0.6,0.1,2019,30
13,NOR,0,0,0.45,0,0.16,0.61,-0.61,155.7,0,0.41,-0.41,231.7,3,1.75,1.25,54.3,50.0,1.5,0.3,2019,30
14,SHU,0,0,0.71,0,0.26,0.97,-0.97,194.8,0,1.51,-1.51,125.2,3,3.47,-0.47,54.5,54.0,2.0,1.5,2019,30
15,SOU,3,3,1.47,0,0.28,1.75,1.25,54.3,3,0.62,2.38,153.2,0,0.61,-0.61,155.7,inf,0.4,0.2,2019,30
16,TOT,1,1,0.21,0,0.18,0.39,0.61,248.7,1,0.17,0.83,570.6,1,1.71,-0.71,56.7,60.6,0.9,0.0,2019,30
17,WAT,1,0,0.9,1,0.36,1.26,-0.26,76.2,1,1.5,-0.5,64.0,1,0.97,0.03,99.0,80.0,0.6,0.4,2019,30
18,WHU,0,0,0.41,0,0.12,0.53,-0.53,177.4,0,0.26,-0.26,361.5,2,1.02,0.98,92.2,49.5,1.0,0.1,2019,30
19,WOL,2,2,0.96,0,0.06,1.02,0.98,92.2,2,0.89,1.11,105.6,0,0.53,-0.53,177.4,313.3,0.4,0.1,2019,30
0,ARS,2,1,1.43,1,0.53,1.96,0.04,49.5,0,0.4,-0.4,242.5,0,0.93,-0.93,104.3,970.0,0.5,0.4,2019,31
1,AVL,1,0,0.91,1,0.73,1.64,-0.64,58.5,1,1.44,-0.44,66.7,1,0.86,0.14,111.6,106.7,0.7,0.1,2019,31
2,BOU,0,0,0.06,0,0.05,0.11,-0.11,863.6,0,0.12,-0.12,791.7,1,1.66,-0.66,57.2,237.5,0.7,0.9,2019,31
3,BHA,0,0,0.14,0,0.17,1.1,-1.1,85.5,0,0.22,-0.22,427.3,0,0.63,-0.63,149.2,188.0,0.3,0.4,2019,31
4,BUR,1,1,0.91,0,0.02,0.94,0.06,103.2,1,0.9,0.1,107.8,0,0.71,-0.71,136.6,485.0,0.1,0.7,2019,31
5,CHE,2,0,3.35,0,0.27,4.4,-2.4,22.0,0,1.3,-1.3,74.6,1,0.81,0.19,119.8,161.7,0.6,0.2,2019,31
6,CRY,0,0,0.08,0,0.0,0.08,-0.08,1175.0,0,0.04,-0.04,2350.0,4,2.45,1.55,38.4,25.4,2.0,0.5,2019,31
7,EVE,1,0,0.4,1,0.37,0.78,0.22,124.4,1,0.83,0.17,116.9,0,0.42,-0.42,231.0,970.0,0.3,0.1,2019,31
8,LEI,0,0,0.26,0,0.37,0.63,-0.63,149.2,0,0.84,-0.84,111.9,0,1.1,-1.1,85.5,94.0,0.1,0.2,2019,31
9,LIV,4,2,1.98,1,0.47,2.45,1.55,38.4,3,1.66,1.34,56.6,0,0.08,-0.08,1175.0,inf,0.1,0.0,2019,31
10,MCI,1,0,0.64,1,0.17,0.81,0.19,119.8,0,0.66,-0.66,147.0,2,4.4,-2.4,22.0,26.2,3.3,0.3,2019,31
11,MUN,3,3,2.25,0,0.14,2.39,0.61,39.3,3,2.1,0.9,44.8,0,0.13,-0.13,723.1,inf,0.1,0.0,2019,31
12,NEW,1,1,0.74,0,0.12,0.86,0.14,111.6,1,0.43,0.57,223.3,1,1.64,-0.64,58.5,160.0,0.9,0.7,2019,31
13,NOR,0,0,0.29,0,0.13,0.42,-0.42,231.0,0,0.23,-0.23,421.7,1,0.78,0.22,124.4,80.8,0.4,0.4,2019,31
14,SHU,0,0,0.13,0,0.0,0.13,-0.13,723.1,0,0.21,-0.21,447.6,3,2.39,0.61,39.3,49.5,2.2,0.1,2019,31
15,SOU,0,0,0.5,0,0.43,0.93,-0.93,104.3,0,0.62,-0.62,156.5,2,1.96,0.04,49.5,44.1,1.4,0.5,2019,31
16,TOT,2,0,2.11,1,0.18,2.29,-0.29,41.5,1,0.78,0.22,121.8,0,1.24,-1.24,76.6,67.9,0.4,0.8,2019,31
17,WAT,0,0,0.05,0,0.66,0.71,-0.71,136.6,0,0.58,-0.58,167.2,1,0.94,0.06,103.2,485.0,0.9,0.0,2019,31
18,WHU,0,0,0.39,0,0.85,1.24,-1.24,76.6,0,1.2,-1.2,79.2,2,2.29,-0.29,41.5,50.0,2.1,0.2,2019,31
19,WOL,1,1,0.73,0,0.94,1.66,-0.66,57.2,1,0.78,0.22,121.8,0,0.11,-0.11,863.6,inf,0.1,0.1,2019,31
0,ARS,4,3,1.26,1,0.24,1.5,2.5,62.7,1,0.85,0.15,110.6,0,0.25,-0.25,376.0,188.0,0.2,0.1,2019,32
1,AVL,0,0,0.4,0,0.24,0.64,-0.64,150.0,0,0.35,-0.35,274.3,1,0.72,0.28,133.3,137.1,0.4,0.3,2019,32
2,BOU,1,1,0.21,1,1.49,1.7,-0.7,56.5,1,0.88,0.12,109.1,4,1.84,2.16,52.2,28.2,1.8,0.0,2019,32
3,BHA,0,0,0.25,0,0.14,0.39,-0.39,241.0,0,0.3,-0.3,313.3,3,0.98,2.02,95.9,78.3,0.9,0.1,2019,32
4,BUR,1,0,0.23,1,0.13,0.36,0.64,263.9,1,0.33,0.67,287.9,0,0.91,-0.91,104.4,316.7,0.4,0.5,2019,32
5,CHE,2,0,0.51,1,0.31,1.61,0.39,59.0,0,0.94,-0.94,101.1,3,2.22,0.78,42.8,35.2,1.7,0.5,2019,32
6,CRY,0,0,0.36,0,0.54,0.91,-0.91,104.4,0,0.7,-0.7,135.7,1,0.36,0.64,263.9,158.3,0.2,0.1,2019,32
7,EVE,2,1,0.3,0,0.11,1.2,0.8,80.8,1,0.34,0.66,285.3,1,1.84,-0.84,52.7,74.6,1.6,0.2,2019,32
8,LEI,1,1,1.64,0,0.2,1.84,-0.84,52.7,0,1.28,-1.28,75.8,2,1.2,0.8,80.8,97.0,0.3,0.1,2019,32
9,LIV,0,0,0.89,0,0.15,1.04,-1.04,92.3,0,0.55,-0.55,174.5,4,2.43,1.57,39.5,48.0,1.6,0.0,2019,32
10,MCI,4,1,1.64,0,0.0,2.43,1.57,39.5,2,0.48,1.52,200.0,0,1.04,-1.04,92.3,160.0,0.9,0.1,2019,32
11,MUN,3,2,0.86,0,0.12,0.98,2.02,95.9,3,0.55,2.45,170.9,0,0.39,-0.39,241.0,313.3,0.2,0.1,2019,32
12,NEW,4,4,1.84,0,0.0,1.84,2.16,52.2,4,0.9,3.1,106.7,1,1.7,-0.7,56.5,96.0,0.2,1.5,2019,32
13,NOR,0,0,0.19,0,0.06,0.25,-0.25,376.0,0,0.16,-0.16,587.5,4,1.5,2.5,62.7,37.6,1.3,0.2,2019,32
14,SHU,3,3,1.61,0,0.0,1.61,1.39,59.0,3,1.35,1.65,70.4,1,1.09,-0.09,87.2,95.0,0.8,0.3,2019,32
15,SOU,3,2,1.04,1,0.26,1.3,1.7,73.8,1,0.34,0.66,282.4,1,0.48,0.52,200.0,inf,0.2,0.3,2019,32
16,TOT,1,1,0.78,0,0.32,1.09,-0.09,87.2,1,1.27,-0.27,74.8,3,1.61,1.39,59.0,35.2,1.6,0.0,2019,32
17,WAT,1,1,0.21,0,0.27,0.48,0.52,200.0,0,0.35,-0.35,274.3,3,1.3,1.7,73.8,68.6,1.0,0.3,2019,32
18,WHU,3,1,1.73,1,0.5,2.22,0.78,42.8,3,1.92,1.08,49.5,2,1.61,0.39,59.0,52.8,0.5,0.3,2019,32
19,WOL,1,1,0.44,0,0.29,0.72,0.28,133.3,1,0.47,0.53,204.3,0,0.64,-0.64,150.0,inf,0.4,0.2,2019,32
0,ARS,2,2,1.01,0,0.29,1.3,0.7,73.8,1,0.33,0.67,290.9,0,1.17,-1.17,82.1,480.0,1.1,0.1,2019,33
1,AVL,0,0,0.52,0,0.14,0.66,-0.66,145.5,0,0.29,-0.29,331.0,2,0.72,1.28,133.3,64.0,0.7,0.0,2019,33
2,BOU,2,1,1.03,0,0.02,1.84,0.16,52.2,1,0.18,0.82,533.3,5,2.5,2.5,38.4,18.8,1.3,0.4,2019,33
3,BHA,1,0,0.65,0,0.38,1.03,-0.03,94.2,1,0.59,0.41,164.4,0,0.6,-0.6,161.7,inf,0.6,0.0,2019,33
4,BUR,1,0,0.84,1,0.47,1.31,-0.31,73.3,1,0.41,0.59,234.1,1,1.13,-0.13,85.0,192.0,0.5,0.6,2019,33
5,CHE,3,2,1.35,0,0.38,2.52,0.48,37.7,2,1.35,0.65,70.4,0,0.62,-0.62,153.2,158.3,0.3,0.3,2019,33
6,CRY,0,0,0.56,0,0.21,0.77,-0.77,126.0,0,0.59,-0.59,164.4,3,2.85,0.15,34.0,31.3,2.1,0.8,2019,33
7,EVE,0,0,0.25,0,0.23,0.48,-0.48,200.0,0,0.21,-0.21,457.1,1,0.5,0.5,192.0,960.0,0.3,0.2,2019,33
8,LEI,3,2,2.06,0,0.79,2.85,0.15,34.0,3,1.14,1.86,85.1,0,0.77,-0.77,126.0,970.0,0.6,0.2,2019,33
9,LIV,2,2,0.72,0,0.0,0.72,1.28,133.3,2,0.87,1.13,110.3,0,0.66,-0.66,145.5,80.0,0.5,0.1,2019,33
10,MCI,0,0,3.0,0,0.24,3.25,-3.25,29.8,0,1.65,-1.65,58.8,1,0.62,0.38,156.5,242.5,0.6,0.0,2019,33
11,MUN,5,3,1.26,1,0.45,2.5,2.5,38.4,3,1.35,1.65,71.1,2,1.84,0.16,52.2,48.0,1.0,0.0,2019,33
12,NEW,2,2,1.23,0,0.17,1.4,0.6,67.9,2,1.39,0.61,68.3,2,2.07,-0.07,45.9,41.3,1.6,0.4,2019,33
13,NOR,0,0,0.6,0,0.0,0.6,-0.6,161.7,0,0.6,-0.6,161.7,1,1.03,-0.03,94.2,97.0,0.7,0.4,2019,33
14,SHU,1,0,0.54,1,0.58,1.13,-0.13,85.0,1,1.03,-0.03,93.2,1,1.31,-0.31,73.3,96.0,0.8,0.5,2019,33
15,SOU,1,1,0.58,0,0.05,0.62,0.38,156.5,1,0.4,0.6,242.5,0,3.25,-3.25,29.8,35.9,3.0,0.2,2019,33
16,TOT,1,1,0.34,0,0.16,0.5,0.5,192.0,0,0.37,-0.37,259.5,0,0.48,-0.48,200.0,480.0,0.2,0.2,2019,33
17,WAT,0,0,0.3,0,0.31,0.62,-0.62,153.2,0,0.33,-0.33,287.9,3,2.52,0.48,37.7,28.8,1.4,0.4,2019,33
18,WHU,2,1,1.64,1,0.43,2.07,-0.07,45.9,1,1.14,-0.14,83.3,2,1.4,0.6,67.9,45.2,1.2,0.2,2019,33
19,WOL,0,0,1.07,0,0.1,1.17,-1.17,82.1,0,1.13,-1.13,85.0,2,1.3,0.7,73.8,53.3,1.0,0.3,2019,33
0,ARS,1,1,0.91,0,0.19,1.1,-0.1,90.0,1,0.91,0.09,108.8,1,0.95,0.05,104.2,99.0,0.9,0.1,2019,34
1,AVL,0,0,0.31,0,0.21,0.52,-0.52,180.8,0,0.35,-0.35,268.6,3,2.38,0.62,39.5,39.2,1.5,0.1,2019,34
2,BOU,0,0,0.73,0,0.72,1.46,-1.46,70.5,0,0.93,-0.93,110.8,0,0.53,-0.53,194.3,inf,0.3,0.2,2019,34
3,BHA,1,1,1.77,0,0.6,2.37,-1.37,40.9,1,0.97,0.03,100.0,3,2.5,0.5,38.8,42.2,2.1,0.4,2019,34
4,BUR,1,1,0.82,0,0.06,0.88,0.12,110.2,1,0.87,0.13,111.5,0,1.6,-1.6,60.6,138.6,1.2,0.4,2019,34
5,CHE,3,2,1.56,0,0.37,1.93,1.07,49.7,3,1.12,1.88,85.7,2,1.55,0.45,61.9,64.0,1.3,0.2,2019,34
6,CRY,2,2,1.3,0,0.24,1.55,0.45,61.9,1,0.96,0.04,100.0,3,1.93,1.07,49.7,35.6,1.6,0.4,2019,34
7,EVE,1,1,0.74,0,0.34,1.08,-0.08,86.1,1,0.4,0.6,232.5,1,2.46,-1.46,37.8,66.4,1.4,0.3,2019,34
8,LEI,1,1,0.88,0,0.06,0.95,0.05,104.2,1,0.59,0.41,167.8,1,1.1,-0.1,90.0,49.5,0.9,0.2,2019,34
9,LIV,3,2,2.11,1,0.39,2.5,0.5,38.8,3,1.88,1.12,51.6,1,2.37,-1.37,40.9,74.6,1.8,0.6,2019,34
10,MCI,5,4,2.61,1,0.2,2.81,2.19,33.5,3,2.56,0.44,36.7,0,0.27,-0.27,348.1,940.0,0.2,0.1,2019,34
11,MUN,3,1,1.5,1,0.09,2.38,0.62,39.5,2,1.16,0.84,81.0,0,0.52,-0.52,180.8,inf,0.3,0.2,2019,34
12,NEW,0,0,0.18,0,0.09,0.27,-0.27,348.1,0,0.2,-0.2,470.0,5,2.81,2.19,33.5,26.9,2.6,0.2,2019,34
13,NOR,1,1,1.1,0,0.18,1.28,-0.28,74.2,1,0.36,0.64,263.9,2,1.16,0.84,81.9,52.8,0.3,0.8,2019,34
14,SHU,1,0,0.44,1,0.1,0.53,0.47,179.2,1,0.69,0.31,137.7,0,0.38,-0.38,250.0,475.0,0.2,0.2,2019,34
15,SOU,1,1,1.38,0,0.29,2.46,-1.46,37.8,1,1.03,-0.03,90.3,1,1.08,-0.08,86.1,66.4,0.7,0.3,2019,34
16,TOT,0,0,0.34,0,0.19,0.53,-0.53,194.3,0,0.57,-0.57,180.7,0,1.46,-1.46,70.5,128.8,0.7,0.7,2019,34
17,WAT,2,0,0.33,1,0.84,1.16,0.84,81.9,1,0.96,0.04,99.0,1,1.28,-0.28,74.2,105.6,1.1,0.2,2019,34
18,WHU,0,0,1.15,0,0.45,1.6,-1.6,60.6,0,0.97,-0.97,100.0,1,0.88,0.12,110.2,64.7,0.8,0.1,2019,34
19,WOL,0,0,0.19,0,0.19,0.38,-0.38,250.0,0,0.36,-0.36,263.9,1,0.53,0.47,179.2,118.8,0.4,0.1,2019,34
0,ARS,1,1,0.34,0,0.3,0.64,0.36,148.4,1,0.49,0.51,193.9,2,2.06,-0.06,46.1,29.7,2.0,0.1,2019,35
1,AVL,2,1,0.89,1,0.86,1.75,0.25,54.9,1,0.77,0.23,124.7,0,1.21,-1.21,79.3,240.0,0.6,0.6,2019,35
2,BOU,4,3,1.43,0,0.28,2.5,1.5,38.8,1,0.56,0.44,173.2,1,1.55,-0.55,62.6,69.3,1.5,0.0,2019,35
3,BHA,0,0,0.12,0,0.03,0.15,-0.15,620.0,0,0.25,-0.25,372.0,5,4.64,0.36,20.0,25.1,2.8,1.8,2019,35
4,BUR,1,0,0.13,1,0.23,0.36,0.64,263.9,1,0.08,0.92,1187.5,1,1.72,-0.72,55.2,43.2,1.5,0.2,2019,35
5,CHE,0,0,0.74,0,0.47,1.2,-1.2,78.3,0,0.76,-0.76,123.7,3,2.34,0.66,40.2,44.8,2.2,0.2,2019,35
6,CRY,0,0,0.63,0,0.58,1.21,-1.21,79.3,0,1.11,-1.11,86.5,2,1.75,0.25,54.9,31.0,0.9,0.9,2019,35
7,EVE,0,0,0.22,0,0.06,0.28,-0.28,339.3,0,0.45,-0.45,211.1,3,2.62,0.38,36.3,35.2,1.7,0.1,2019,35
8,LEI,1,1,1.5,0,0.04,1.55,-0.55,62.6,0,0.49,-0.49,198.0,4,2.5,1.5,38.8,33.4,1.4,0.3,2019,35
9,LIV,1,0,1.47,1,0.24,1.72,-0.72,55.2,1,1.54,-0.54,61.7,1,0.36,0.64,263.9,237.5,0.1,0.2,2019,35
10,MCI,5,4,2.84,1,1.8,4.64,0.36,20.0,4,2.36,1.64,39.4,0,0.15,-0.15,620.0,inf,0.1,0.0,2019,35
11,MUN,2,2,1.52,0,0.0,1.52,0.48,65.8,2,1.04,0.96,96.2,2,1.67,0.33,59.9,50.0,0.8,0.9,2019,35
12,NEW,1,0,0.43,1,0.88,1.31,-0.31,73.3,1,0.16,0.84,600.0,2,3.62,-1.62,26.5,38.4,0.7,1.3,2019,35
13,NOR,0,0,0.58,0,0.06,0.65,-0.65,144.6,0,0.75,-0.75,125.3,4,3.66,0.34,25.7,29.4,2.7,1.0,2019,35
14,SHU,3,2,2.17,0,0.17,2.34,0.66,40.2,1,0.68,0.32,138.2,0,1.2,-1.2,78.3,104.4,0.7,0.5,2019,35
15,SOU,2,1,0.76,1,0.91,1.67,0.33,59.9,2,0.76,1.24,131.6,2,1.52,0.48,65.8,58.8,1.5,0.0,2019,35
16,TOT,2,1,1.95,1,0.11,2.06,-0.06,46.1,1,0.75,0.25,126.7,1,0.64,0.36,148.4,105.6,0.3,0.3,2019,35
17,WAT,2,0,0.75,0,1.3,3.62,-1.62,26.5,0,1.34,-1.34,71.6,1,1.31,-0.31,73.3,80.0,0.4,0.9,2019,35
18,WHU,4,1,2.68,2,0.98,3.66,0.34,25.7,3,2.22,0.78,42.3,0,0.65,-0.65,144.6,470.0,0.6,0.1,2019,35
19,WOL,3,0,1.69,1,0.14,2.62,0.38,36.3,2,0.63,1.37,150.8,0,0.28,-0.28,339.3,950.0,0.2,0.1,2019,35
0,ARS,2,2,0.82,0,0.0,0.82,1.18,117.1,1,0.18,0.82,533.3,1,2.13,-1.13,45.1,48.0,1.9,0.2,2019,36
1,AVL,1,0,0.91,1,0.4,1.31,-0.31,72.5,1,1.2,-0.2,79.2,1,0.93,0.07,102.2,316.7,0.8,0.1,2019,36
2,BOU,1,1,1.45,0,0.18,1.63,-0.63,59.5,1,1.2,-0.2,80.8,2,0.65,1.35,149.2,97.0,0.6,0.1,2019,36
3,BHA,1,0,0.4,1,0.33,0.72,0.28,134.7,1,0.57,0.43,170.2,1,2.55,-1.55,38.0,48.5,2.1,0.5,2019,36
4,BUR,1,0,0.98,0,0.12,1.89,-0.89,51.3,0,0.65,-0.65,149.2,1,1.25,-0.25,77.6,138.6,0.7,0.6,2019,36
5,CHE,1,1,2.23,0,0.29,2.53,-1.53,37.2,1,2.48,-1.48,37.9,0,0.07,-0.07,1342.9,inf,0.1,0.0,2019,36
6,CRY,0,0,0.48,0,0.1,0.59,-0.59,172.9,0,0.48,-0.48,212.5,2,2.18,-0.18,46.8,48.6,1.8,0.4,2019,36
7,EVE,1,1,0.84,0,0.09,0.93,0.07,102.2,1,1.06,-0.06,89.6,1,1.31,-0.31,72.5,190.0,0.9,0.4,2019,36
8,LEI,2,1,2.59,0,0.01,2.6,-0.6,36.5,2,1.03,0.97,92.2,0,0.75,-0.75,126.7,118.8,0.1,0.7,2019,36
9,LIV,1,1,1.93,0,0.2,2.13,-1.13,45.1,1,1.39,-0.39,69.1,2,0.82,1.18,117.1,80.0,0.8,0.0,2019,36
10,MCI,2,1,0.58,1,0.08,0.65,1.35,149.2,1,0.64,0.36,151.6,1,1.63,-0.63,59.5,88.2,1.5,0.2,2019,36
11,MUN,2,2,1.82,0,0.36,2.18,-0.18,46.8,1,0.87,0.13,117.2,0,0.59,-0.59,172.9,113.3,0.5,0.1,2019,36
12,NEW,1,1,0.92,0,0.2,1.12,-0.12,85.7,0,0.54,-0.54,177.8,3,1.53,1.47,62.7,33.1,1.4,0.1,2019,36
13,NOR,0,0,0.07,0,0.0,0.07,-0.07,1342.9,0,0.06,-0.06,1566.7,1,2.53,-1.53,37.2,55.3,2.2,0.3,2019,36
14,SHU,0,0,0.1,0,0.65,0.75,-0.75,126.7,0,0.32,-0.32,296.9,2,2.6,-0.6,36.5,39.6,2.6,0.0,2019,36
15,SOU,1,1,2.06,0,0.5,2.55,-1.55,38.0,1,0.84,0.16,115.5,1,0.72,0.28,134.7,194.0,0.4,0.3,2019,36
16,TOT,3,2,1.4,0,0.14,1.53,1.47,62.7,2,0.81,1.19,118.5,1,1.12,-0.12,85.7,56.5,0.9,0.2,2019,36
17,WAT,1,1,1.4,0,0.07,1.48,-0.48,64.9,0,0.8,-0.8,120.0,3,0.85,2.15,112.9,64.0,0.8,0.1,2019,36
18,WHU,3,2,0.75,1,0.1,0.85,2.15,112.9,2,0.55,1.45,174.5,1,1.48,-0.48,64.9,96.0,1.4,0.1,2019,36
19,WOL,1,1,0.66,0,0.59,1.25,-0.25,77.6,0,0.9,-0.9,107.8,1,1.89,-0.89,51.3,97.0,1.0,0.1,2019,36
0,ARS,0,0,0.34,0,0.27,0.61,-0.61,155.7,0,0.6,-0.6,158.3,1,0.56,0.44,169.6,475.0,0.4,0.1,2019,37
1,AVL,1,0,0.44,1,0.11,0.56,0.44,169.6,1,0.3,0.7,316.7,0,0.61,-0.61,155.7,inf,0.3,0.3,2019,37
2,BOU,0,0,0.25,0,0.29,0.53,-0.53,186.8,0,0.96,-0.96,103.1,2,2.51,-0.51,39.4,27.5,1.4,0.3,2019,37
3,BHA,0,0,0.53,0,0.26,0.79,-0.79,121.5,0,0.74,-0.74,129.7,0,0.93,-0.93,103.2,240.0,0.2,0.7,2019,37
4,BUR,2,1,1.25,1,0.54,1.79,0.21,53.1,1,1.48,-0.48,64.2,0,0.31,-0.31,306.5,950.0,0.0,0.3,2019,37
5,CHE,3,3,2.41,0,0.0,2.41,0.59,39.8,2,1.19,0.81,80.7,5,1.69,3.31,56.8,45.7,1.1,0.6,2019,37
6,CRY,0,0,0.37,0,0.07,0.44,-0.44,213.6,0,0.23,-0.23,408.7,2,1.5,0.5,62.7,55.3,1.3,0.2,2019,37
7,EVE,1,0,0.13,1,0.25,0.38,0.62,252.6,1,0.52,0.48,184.6,0,0.54,-0.54,177.8,inf,0.4,0.1,2019,37
8,LEI,0,0,0.72,0,1.33,2.06,-2.06,46.1,0,0.98,-0.98,96.9,3,0.77,2.23,123.4,55.9,0.7,0.0,2019,37
9,LIV,5,2,1.13,2,0.56,1.69,3.31,56.8,3,0.96,2.04,100.0,3,2.41,0.59,39.8,30.0,2.4,0.0,2019,37
10,MCI,4,2,1.97,2,0.54,3.31,0.69,28.7,2,1.34,0.66,70.9,0,0.11,-0.11,863.6,475.0,0.1,0.1,2019,37
11,MUN,1,1,0.65,0,0.0,0.65,0.35,146.2,1,1.22,-0.22,77.9,1,1.53,-0.53,62.1,79.2,0.4,0.3,2019,37
12,NEW,0,0,0.18,0,0.74,0.93,-0.93,103.2,0,0.73,-0.73,131.5,0,0.79,-0.79,121.5,96.0,0.5,0.3,2019,37
13,NOR,0,0,0.04,0,0.26,0.31,-0.31,306.5,0,0.12,-0.12,791.7,2,1.79,0.21,53.1,63.3,1.3,0.5,2019,37
14,SHU,0,0,0.41,0,0.13,0.54,-0.54,177.8,0,0.93,-0.93,103.2,1,0.38,0.62,252.6,320.0,0.1,0.2,2019,37
15,SOU,2,2,1.45,0,0.28,2.51,-0.51,39.4,2,0.91,1.09,108.8,0,0.53,-0.53,186.8,123.8,0.2,0.3,2019,37
16,TOT,3,1,0.73,0,0.03,0.77,2.23,123.4,2,0.64,1.36,148.4,0,2.06,-2.06,46.1,95.0,0.7,1.3,2019,37
17,WAT,0,0,0.05,0,0.06,0.11,-0.11,863.6,0,0.05,-0.05,1900.0,4,3.31,0.69,28.7,18.3,2.0,0.5,2019,37
18,WHU,1,0,0.42,0,0.31,1.53,-0.53,62.1,0,0.74,-0.74,128.4,1,0.65,0.35,146.2,135.7,0.6,0.0,2019,37
19,WOL,2,2,1.3,0,0.19,1.5,0.5,62.7,1,1.1,-0.1,85.5,0,0.44,-0.44,213.6,188.0,0.4,0.1,2019,37
0,ARS,3,1,0.79,1,0.71,2.29,0.71,42.4,2,0.75,1.25,129.3,2,3.75,-1.75,25.9,31.3,2.2,0.7,2019,38
1,AVL,1,1,0.7,0,0.29,1.0,0.0,95.0,1,0.44,0.56,215.9,1,0.85,0.15,111.8,950.0,0.6,0.2,2019,38
2,BOU,3,1,0.5,1,0.28,1.56,1.44,60.9,2,1.02,0.98,93.1,1,1.76,-0.76,54.0,73.1,1.7,0.1,2019,38
3,BHA,2,1,1.21,1,0.02,1.23,0.77,78.0,1,0.44,0.56,218.2,1,1.87,-0.87,51.3,96.0,0.9,1.0,2019,38
4,BUR,1,1,0.89,0,0.99,1.87,-0.87,51.3,1,0.89,0.11,107.9,2,1.23,0.77,78.0,53.3,1.2,0.0,2019,38
5,CHE,2,0,1.04,1,0.41,1.45,0.55,65.5,1,0.84,0.16,113.1,0,0.18,-0.18,527.8,inf,0.1,0.1,2019,38
6,CRY,1,0,0.22,1,0.57,0.79,0.21,119.0,1,0.68,0.32,138.2,1,0.3,0.7,313.3,235.0,0.2,0.1,2019,38
7,EVE,1,1,1.7,0,0.06,1.76,-0.76,54.0,1,1.53,-0.53,62.1,3,1.56,1.44,60.9,55.9,0.5,0.3,2019,38
8,LEI,0,0,0.67,0,0.13,0.8,-0.8,123.8,0,0.85,-0.85,116.5,2,1.32,0.68,75.0,82.5,0.5,0.0,2019,38
9,LIV,3,2,0.42,1,0.22,0.64,2.36,146.9,3,0.92,2.08,102.2,1,0.12,0.88,783.3,134.3,0.0,0.1,2019,38
10,MCI,5,5,3.0,0,0.27,3.27,1.73,28.7,2,2.51,-0.51,37.5,0,1.0,-1.0,94.0,94.0,1.0,0.0,2019,38
11,MUN,2,1,0.5,0,0.04,1.32,0.68,75.0,0,0.58,-0.58,170.7,0,0.8,-0.8,123.8,198.0,0.7,0.1,2019,38
12,NEW,1,0,0.03,1,0.09,0.12,0.88,783.3,1,0.04,0.96,2350.0,3,0.64,2.36,146.9,44.8,0.4,0.2,2019,38
13,NOR,0,0,1.0,0,0.0,1.0,-1.0,94.0,0,0.33,-0.33,284.8,5,3.27,1.73,28.7,25.4,3.0,0.3,2019,38
14,SHU,1,1,1.44,0,0.0,1.44,-0.44,66.0,1,0.3,0.7,316.7,3,1.67,1.33,56.9,52.8,0.9,0.0,2019,38
15,SOU,3,2,0.87,0,0.02,1.67,1.33,56.9,1,0.47,0.53,202.1,1,1.44,-0.44,66.0,43.2,1.4,0.0,2019,38
16,TOT,1,1,0.21,0,0.09,0.3,0.7,313.3,1,0.22,0.78,427.3,1,0.79,0.21,119.0,235.0,0.2,0.6,2019,38
17,WAT,2,1,2.25,0,0.72,3.75,-1.75,25.9,1,2.39,-1.39,40.6,3,2.29,0.71,42.4,33.4,0.8,0.7,2019,38
18,WHU,1,1,0.64,0,0.21,0.85,0.15,111.8,1,0.45,0.55,211.1,1,1.0,0.0,95.0,475.0,0.7,0.3,2019,38
19,WOL,0,0,0.08,0,0.1,0.18,-0.18,527.8,0,0.32,-0.32,296.9,2,1.45,0.55,65.5,63.3,1.0,0.4,2019,38
