,Team,xG Expected GoalsG,xG Expected GoalsOP,xG Expected GoalsxG Open Play,xG Expected GoalsSP,xG Expected GoalsxG Set Play,xG Expected GoalsxG,xG Expected GoalsΔ,xG Expected GoalsMins/ xG,xA Expected AssistsA,xA Expected AssistsxA,xA Expected AssistsΔ,xA Expected AssistsMins/ xA,Goals ConcededGC,Goals ConcededxGC,Goals ConcededΔ,Goals ConcededMins/ xGC,Goals ConcededMins/ xGC On Target,Goals ConcededxGC OP,Goals ConcededxGC SP,Season,GW ID
0,ARS,0,0,0.91,0,0.29,1.2,-1.2,80.0,0,1.38,-1.38,69.6,2,1.43,0.57,67.1,96.0,0.4,1.0,2021,1
1,AVL,2,1,0.38,0,0.08,1.25,0.75,78.4,1,0.33,0.67,297.0,3,0.86,2.14,114.0,61.3,0.7,0.2,2021,1
2,BRE,2,1,0.39,1,1.05,1.43,0.57,67.1,1,0.46,0.54,208.7,0,1.2,-1.2,80.0,240.0,0.9,0.3,2021,1
3,BHA,2,2,1.49,0,0.24,1.73,0.27,54.3,2,0.98,1.02,95.9,1,1.4,-0.4,67.1,104.4,0.3,1.1,2021,1
4,BUR,1,0,0.34,1,1.06,1.4,-0.4,67.1,1,0.75,0.25,125.3,2,1.73,0.27,54.3,85.5,1.5,0.2,2021,1
5,CHE,3,2,0.85,1,0.29,1.14,1.86,81.6,1,1.11,-0.11,83.8,0,0.29,-0.29,320.7,465.0,0.1,0.2,2021,1
6,CRY,0,0,0.11,0,0.18,0.29,-0.29,320.7,0,0.32,-0.32,290.6,3,1.14,1.86,81.6,54.7,0.8,0.3,2021,1
7,EVE,3,2,1.65,1,0.44,2.09,0.91,45.0,3,1.53,1.47,61.4,1,0.78,0.22,120.5,85.5,0.5,0.3,2021,1
8,LEE,1,1,0.37,0,0.23,0.6,0.4,156.7,1,0.28,0.72,335.7,5,1.47,3.53,63.9,58.8,1.4,0.1,2021,1
9,LEI,1,1,0.51,0,0.0,0.51,0.49,184.3,1,0.88,0.12,106.8,0,1.49,-1.49,63.1,470.0,1.5,0.0,2021,1
10,LIV,3,2,1.1,1,0.38,1.48,1.52,62.2,2,1.7,0.3,54.1,0,1.61,-1.61,57.1,54.1,0.4,1.2,2021,1
11,MCI,0,0,1.03,0,0.88,1.91,-1.91,50.3,0,1.23,-1.23,78.0,1,1.17,-0.17,82.1,120.0,0.8,0.3,2021,1
12,MUN,5,4,1.39,0,0.07,1.47,3.53,63.9,5,1.05,3.95,89.5,1,0.6,0.4,156.7,94.0,0.4,0.2,2021,1
13,NEW,2,2,1.25,0,0.54,1.79,0.21,53.1,2,1.42,0.58,66.9,4,3.04,0.96,31.3,23.8,1.9,0.4,2021,1
14,NOR,0,0,0.36,0,1.24,1.61,-1.61,57.1,0,0.84,-0.84,109.5,3,1.48,1.52,62.2,76.7,1.1,0.4,2021,1
15,SOU,1,1,0.49,0,0.29,0.78,0.22,120.5,1,0.75,0.25,125.3,3,2.09,0.91,45.0,31.3,1.7,0.4,2021,1
16,TOT,1,1,0.85,0,0.32,1.17,-0.17,82.1,1,0.54,0.46,177.8,0,1.91,-1.91,50.3,240.0,1.0,0.9,2021,1
17,WAT,3,2,0.67,0,0.19,0.86,2.14,114.0,2,0.34,1.66,288.2,2,1.25,0.75,78.4,75.4,0.4,0.1,2021,1
18,WHU,4,2,1.89,1,0.36,3.04,0.96,31.3,3,1.24,1.76,76.6,2,1.79,0.21,53.1,63.3,1.3,0.5,2021,1
19,WOL,0,0,1.45,0,0.04,1.49,-1.49,63.1,0,0.82,-0.82,114.6,1,0.51,0.49,184.3,78.3,0.5,0.0,2021,1
0,ARS,0,0,0.19,0,0.14,0.34,-0.34,276.5,0,0.62,-0.62,151.6,2,2.9,-0.9,32.4,37.6,2.7,0.2,2021,2
1,AVL,2,0,0.15,1,0.54,1.48,0.52,65.5,1,0.71,0.29,136.6,0,0.69,-0.69,140.6,inf,0.5,0.2,2021,2
2,BRE,0,0,0.33,0,0.64,0.98,-0.98,96.9,0,0.61,-0.61,155.7,0,0.53,-0.53,179.2,237.5,0.4,0.1,2021,2
3,BHA,2,1,0.9,1,0.4,1.31,0.69,71.8,2,0.43,1.57,218.6,0,0.45,-0.45,208.9,470.0,0.4,0.0,2021,2
4,BUR,0,0,0.58,0,0.14,0.72,-0.72,131.9,0,0.51,-0.51,186.3,2,2.78,-0.78,34.2,63.3,1.8,0.9,2021,2
5,CHE,2,2,2.72,0,0.18,2.9,-0.9,32.4,2,2.42,-0.42,38.8,0,0.34,-0.34,276.5,470.0,0.2,0.1,2021,2
6,CRY,0,0,0.45,0,0.08,0.53,-0.53,179.2,0,0.45,-0.45,211.1,0,0.98,-0.98,96.9,105.6,0.3,0.6,2021,2
7,EVE,2,1,0.97,0,0.1,1.86,0.14,51.1,1,0.96,0.04,99.0,2,1.05,0.95,90.5,79.2,0.9,0.2,2021,2
8,LEE,2,1,0.86,1,0.2,1.05,0.95,90.5,2,0.39,1.61,243.6,2,1.86,0.14,51.1,35.2,1.0,0.1,2021,2
9,LEI,1,1,0.77,0,0.0,0.77,0.23,120.8,0,0.16,-0.16,581.3,4,2.22,1.78,41.9,31.0,1.7,0.5,2021,2
10,LIV,2,2,1.84,0,0.95,2.78,-0.78,34.2,2,1.87,0.13,50.8,0,0.72,-0.72,131.9,158.3,0.6,0.1,2021,2
11,MCI,5,4,1.98,1,0.38,2.36,2.64,39.4,3,1.94,1.06,47.9,0,0.07,-0.07,1328.6,inf,0.1,0.0,2021,2
12,MUN,1,1,0.47,0,1.06,1.53,-0.53,62.7,1,1.38,-0.38,69.6,1,0.73,0.27,131.5,160.0,0.5,0.2,2021,2
13,NEW,0,0,0.47,0,0.22,0.69,-0.69,140.6,0,0.96,-0.96,101.0,2,1.48,0.52,65.5,64.7,0.2,0.5,2021,2
14,NOR,0,0,0.07,0,0.0,0.07,-0.07,1328.6,0,0.06,-0.06,1550.0,5,2.36,2.64,39.4,34.4,2.0,0.4,2021,2
15,SOU,1,1,0.49,0,0.24,0.73,0.27,131.5,0,0.4,-0.4,240.0,1,1.53,-0.53,62.7,240.0,0.5,1.1,2021,2
16,TOT,1,0,0.55,0,0.08,1.42,-0.42,66.2,0,0.75,-0.75,125.3,0,1.66,-1.66,56.6,67.1,1.4,0.2,2021,2
17,WAT,0,0,0.45,0,0.0,0.45,-0.45,208.9,0,0.39,-0.39,241.0,2,1.31,0.69,71.8,134.3,0.9,0.4,2021,2
18,WHU,4,3,1.72,0,0.5,2.22,1.78,41.9,4,1.69,2.31,55.0,1,0.77,0.23,120.8,186.0,0.8,0.0,2021,2
19,WOL,0,0,1.44,0,0.21,1.66,-1.66,56.6,0,1.3,-1.3,72.3,1,1.42,-0.42,66.2,58.8,0.6,0.1,2021,2
0,ARS,0,0,0.11,0,0.0,0.11,-0.11,854.5,0,0.23,-0.23,408.7,5,4.03,0.97,23.3,17.4,3.3,0.8,2021,3
1,AVL,1,1,0.18,0,0.52,0.7,0.3,140.0,1,0.55,0.45,178.2,1,0.76,0.24,128.9,98.0,0.6,0.2,2021,3
2,BRE,1,0,0.6,1,0.16,0.76,0.24,128.9,1,1.11,-0.11,88.3,1,0.7,0.3,140.0,89.1,0.2,0.5,2021,3
3,BHA,0,0,0.45,0,0.36,0.8,-0.8,118.8,0,0.71,-0.71,133.8,2,1.4,0.6,67.9,50.0,0.6,0.0,2021,3
4,BUR,1,0,0.27,1,1.24,1.5,-0.5,62.7,1,0.43,0.57,218.6,1,1.53,-0.53,61.4,94.0,1.4,0.2,2021,3
5,CHE,1,0,0.54,1,0.03,0.58,0.42,162.1,1,0.34,0.66,276.5,1,2.8,-1.8,33.6,47.0,1.0,1.0,2021,3
6,CRY,2,2,1.04,0,0.63,1.67,0.33,56.9,1,0.97,0.03,97.9,2,1.38,0.62,68.8,63.3,1.1,0.2,2021,3
7,EVE,2,1,0.6,0,0.01,1.4,0.6,67.9,1,0.23,0.77,413.0,0,0.8,-0.8,118.8,950.0,0.4,0.4,2021,3
8,LEE,1,1,1.37,0,0.16,1.53,-0.53,61.4,0,0.83,-0.83,113.3,1,1.5,-0.5,62.7,67.1,0.3,1.2,2021,3
9,LEI,2,2,0.97,0,0.32,1.29,0.71,74.4,2,0.21,1.79,457.1,1,1.52,-0.52,63.2,73.8,0.6,0.1,2021,3
10,LIV,1,0,0.99,0,1.02,2.8,-1.8,33.6,0,1.33,-1.33,70.7,1,0.58,0.42,162.1,235.0,0.5,0.0,2021,3
11,MCI,5,4,3.27,1,0.75,4.03,0.97,23.3,4,3.6,0.4,26.1,0,0.11,-0.11,854.5,inf,0.1,0.0,2021,3
12,MUN,1,1,0.24,0,0.34,0.58,0.42,167.2,1,0.72,0.28,134.7,0,2.25,-2.25,43.1,60.6,1.5,0.8,2021,3
13,NEW,2,2,1.03,0,0.2,1.23,0.77,79.7,1,0.47,0.53,208.5,2,3.53,-1.53,27.8,36.3,2.5,0.3,2021,3
14,NOR,1,0,0.64,0,0.09,1.52,-0.52,63.2,0,0.4,-0.4,240.0,2,1.29,0.71,74.4,60.0,1.0,0.3,2021,3
15,SOU,2,1,2.47,0,0.27,3.53,-1.53,27.8,0,1.85,-1.85,53.0,2,1.23,0.77,79.7,81.7,1.0,0.2,2021,3
16,TOT,1,0,0.41,1,0.62,1.03,-0.03,91.3,0,1.22,-1.22,77.0,0,0.76,-0.76,123.7,188.0,0.7,0.1,2021,3
17,WAT,0,0,0.68,0,0.08,0.76,-0.76,123.7,0,1.22,-1.22,77.0,1,1.03,-0.03,91.3,78.3,0.4,0.6,2021,3
18,WHU,2,2,1.13,0,0.25,1.38,0.62,68.8,1,1.61,-0.61,59.0,2,1.67,0.33,56.9,55.9,1.0,0.6,2021,3
19,WOL,0,0,1.5,0,0.76,2.25,-2.25,43.1,0,0.77,-0.77,126.0,1,0.58,0.42,167.2,242.5,0.2,0.3,2021,3
