,Team,xG Expected GoalsG,xG Expected GoalsOP,xG Expected GoalsxG Open Play,xG Expected GoalsSP,xG Expected GoalsxG Set Play,xG Expected GoalsxG,xG Expected GoalsΔ,xG Expected GoalsMins/ xG,xA Expected AssistsA,xA Expected AssistsxA,xA Expected AssistsΔ,xA Expected AssistsMins/ xA,Goals ConcededGC,Goals ConcededxGC,Goals ConcededΔ,Goals ConcededMins/ xGC,Goals ConcededMins/ xGC On Target,Goals ConcededxGC OP,Goals ConcededxGC SP,Season,GW ID
0,ARS,4,2,2.35,2,0.24,2.58,1.42,37.2,4,1.74,2.26,55.2,3,1.5,1.5,64.0,45.7,0.8,0.7,2017,1
1,BOU,0,0,0.29,0,0.18,0.47,-0.47,204.3,0,0.58,-0.58,165.5,1,1.27,-0.27,75.6,73.8,0.0,0.0,2017,1
2,BHA,0,0,0.0,0,0.29,0.29,-0.29,324.1,0,0.18,-0.18,522.2,2,1.93,0.07,48.7,55.3,0.0,0.0,2017,1
3,BUR,3,2,0.21,1,0.43,0.65,2.35,146.2,3,0.56,2.44,169.6,2,1.53,0.47,62.1,45.2,0.0,0.0,2017,1
4,CHE,2,2,1.18,0,0.35,1.53,0.47,62.1,2,0.89,1.11,106.7,3,0.65,2.35,146.2,59.4,0.0,0.0,2017,1
5,CRY,0,0,0.49,0,0.58,1.07,-1.07,87.9,0,0.42,-0.42,223.8,3,1.5,1.5,62.7,58.8,0.0,0.0,2017,1
6,EVE,1,1,0.58,0,0.03,0.6,0.4,158.3,1,0.8,0.2,118.8,0,0.37,-0.37,256.8,316.7,0.0,0.0,2017,1
7,HUD,3,2,0.61,1,0.89,1.5,1.5,62.7,2,0.87,1.13,108.0,0,1.07,-1.07,87.9,470.0,0.0,0.0,2017,1
8,LEI,3,1,0.83,2,0.66,1.5,1.5,64.0,3,1.17,1.83,82.1,4,2.58,1.42,37.2,29.1,2.3,0.2,2017,1
9,LIV,3,2,1.62,0,0.27,2.67,0.33,37.1,2,0.64,1.36,154.7,3,2.23,0.77,44.4,35.4,0.0,0.0,2017,1
10,MCI,2,2,1.77,0,0.16,1.93,0.07,48.7,1,2.37,-1.37,39.7,0,0.29,-0.29,324.1,470.0,0.0,0.0,2017,1
11,MUN,4,2,1.86,1,0.2,2.06,1.94,45.6,4,2.17,1.83,43.3,0,0.48,-0.48,195.8,inf,0.0,0.0,2017,1
12,NEW,0,0,0.71,0,0.09,0.81,-0.81,116.0,0,0.24,-0.24,391.7,2,2.5,-0.5,37.6,44.8,0.0,0.0,2017,1
13,SOU,0,0,1.63,0,0.39,2.01,-2.01,46.8,0,1.51,-1.51,62.3,0,0.3,-0.3,313.3,inf,0.0,0.0,2017,1
14,STK,0,0,0.31,0,0.05,0.37,-0.37,256.8,0,0.55,-0.55,172.7,1,0.6,0.4,158.3,158.3,0.0,0.0,2017,1
15,SWA,0,0,0.3,0,0.0,0.3,-0.3,313.3,0,0.13,-0.13,723.1,0,2.01,-2.01,46.8,156.7,0.0,0.0,2017,1
16,TOT,2,2,2.13,0,0.37,2.5,-0.5,37.6,2,1.31,0.69,71.8,0,0.81,-0.81,116.0,156.7,0.0,0.0,2017,1
17,WAT,3,1,1.03,2,1.2,2.23,0.77,44.4,1,0.54,0.46,183.3,3,2.67,0.33,37.1,28.3,0.0,0.0,2017,1
18,WBA,1,0,0.37,1,0.9,1.27,-0.27,75.6,1,1.66,-0.66,57.8,0,0.47,-0.47,204.3,320.0,0.0,0.0,2017,1
19,WHU,0,0,0.4,0,0.08,0.48,-0.48,195.8,0,0.48,-0.48,195.8,4,2.06,1.94,45.6,39.2,0.0,0.0,2017,1
0,ARS,0,0,0.97,0,0.5,1.47,-1.47,65.3,0,1.79,-1.79,53.6,1,0.7,0.3,137.1,96.0,0.0,0.0,2017,2
1,BOU,0,0,0.91,0,0.08,1.0,-1.0,97.0,0,0.86,-0.86,112.8,2,2.42,-0.42,40.1,42.2,0.0,0.0,2017,2
2,BHA,0,0,0.17,0,0.0,0.17,-0.17,564.7,0,0.32,-0.32,300.0,2,2.01,-0.01,47.8,53.3,0.0,0.0,2017,2
3,BUR,0,0,0.61,0,0.67,1.28,-1.28,74.2,0,0.74,-0.74,128.4,1,0.91,0.09,104.4,237.5,0.0,0.0,2017,2
4,CHE,2,1,0.62,1,0.12,0.74,1.26,128.4,1,0.43,0.57,220.9,1,0.73,0.27,130.1,55.9,0.0,0.0,2017,2
5,CRY,0,0,0.52,0,0.2,0.72,-0.72,131.9,0,0.38,-0.38,250.0,1,2.55,-1.55,37.3,31.7,0.0,0.0,2017,2
6,EVE,1,1,0.44,0,0.12,0.56,0.44,169.6,1,0.29,0.71,327.6,1,1.1,-0.1,86.4,118.8,0.0,0.0,2017,2
7,HUD,1,1,0.25,0,0.01,0.26,0.74,365.4,1,0.19,0.81,500.0,0,0.75,-0.75,126.7,86.4,0.0,0.0,2017,2
8,LEI,2,1,1.54,1,0.47,2.01,-0.01,47.3,1,0.94,0.06,101.1,0,0.17,-0.17,558.8,237.5,0.0,0.0,2017,2
9,LIV,1,1,1.31,0,1.24,2.55,-1.55,37.3,0,1.38,-1.38,68.8,0,0.72,-0.72,131.9,237.5,0.0,0.0,2017,2
10,MCI,1,1,0.83,0,0.27,1.1,-0.1,86.4,0,1.0,-1.0,95.0,1,0.56,0.44,169.6,118.8,0.0,0.0,2017,2
11,MUN,4,2,1.64,1,1.4,3.05,0.95,30.8,3,1.06,1.94,88.7,0,0.4,-0.4,235.0,inf,0.0,0.0,2017,2
12,NEW,0,0,0.63,0,0.12,0.75,-0.75,126.7,0,0.64,-0.64,148.4,1,0.26,0.74,365.4,95.0,0.0,0.0,2017,2
13,SOU,3,1,0.5,0,0.0,2.08,0.92,45.7,1,0.89,0.11,106.7,2,1.96,0.04,48.5,33.9,0.0,0.0,2017,2
14,STK,1,1,0.5,0,0.19,0.7,0.3,137.1,1,0.69,0.31,139.1,0,1.47,-1.47,65.3,87.3,0.0,0.0,2017,2
15,SWA,0,0,0.29,0,0.11,0.4,-0.4,235.0,0,0.43,-0.43,218.6,4,3.05,0.95,30.8,32.4,0.0,0.0,2017,2
16,TOT,1,0,0.51,1,0.22,0.73,0.27,130.1,0,0.73,-0.73,130.1,2,0.74,1.26,128.4,118.8,0.0,0.0,2017,2
17,WAT,2,2,2.11,0,0.31,2.42,-0.42,40.1,0,0.78,-0.78,124.4,0,1.0,-1.0,97.0,323.3,0.0,0.0,2017,2
18,WBA,1,1,0.28,0,0.63,0.91,0.09,104.4,1,0.63,0.37,150.8,0,1.28,-1.28,74.2,inf,0.0,0.0,2017,2
19,WHU,2,2,1.5,0,0.46,1.96,0.04,48.5,0,0.63,-0.63,150.8,3,2.08,0.92,45.7,38.0,0.0,0.0,2017,2
0,ARS,0,0,0.33,0,0.24,0.57,-0.57,164.9,0,0.78,-0.78,120.5,4,3.13,0.87,30.0,21.4,0.0,0.0,2017,3
1,BOU,1,1,0.45,0,0.02,0.47,0.53,214.9,0,0.53,-0.53,190.6,2,1.45,0.55,69.7,48.1,0.0,0.0,2017,3
2,BHA,0,0,0.4,0,0.67,1.07,-1.07,87.9,0,0.75,-0.75,125.3,0,0.32,-0.32,293.8,inf,0.0,0.0,2017,3
3,BUR,1,1,0.4,0,0.51,0.9,0.1,106.7,1,0.57,0.43,168.4,1,2.46,-1.46,39.0,38.4,0.0,0.0,2017,3
4,CHE,2,2,0.9,0,0.09,0.99,1.01,94.9,2,0.98,1.02,95.9,0,0.38,-0.38,247.4,inf,0.0,0.0,2017,3
5,CRY,0,0,0.57,0,0.36,0.92,-0.92,102.2,0,1.06,-1.06,88.7,2,0.76,1.24,123.7,235.0,0.6,0.2,2017,3
6,EVE,0,0,0.28,0,0.11,0.38,-0.38,247.4,0,0.36,-0.36,261.1,2,0.99,1.01,94.9,55.3,0.0,0.0,2017,3
7,HUD,0,0,1.3,0,0.14,1.44,-1.44,65.3,0,0.95,-0.95,98.9,0,0.68,-0.68,138.2,940.0,0.0,0.0,2017,3
8,LEI,0,0,0.77,0,0.11,0.88,-0.88,108.0,0,0.48,-0.48,197.9,2,2.88,-0.88,33.0,39.6,0.0,0.0,2017,3
9,LIV,4,2,3.1,0,0.03,3.13,0.87,30.0,3,1.76,1.24,53.4,0,0.57,-0.57,164.9,inf,0.0,0.0,2017,3
10,MCI,2,2,1.12,0,0.32,1.45,0.55,69.7,2,1.09,0.91,92.7,1,0.47,0.53,214.9,84.2,0.0,0.0,2017,3
11,MUN,2,1,1.9,1,0.19,2.88,-0.88,33.0,2,1.61,0.39,59.0,0,0.88,-0.88,108.0,52.8,0.0,0.0,2017,3
12,NEW,3,3,2.26,0,0.03,2.3,0.7,41.3,3,1.22,1.78,77.9,0,0.57,-0.57,166.7,475.0,0.0,0.0,2017,3
13,SOU,0,0,0.68,0,0.0,0.68,-0.68,138.2,0,0.44,-0.44,213.6,0,1.44,-1.44,65.3,67.1,0.0,0.0,2017,3
14,STK,1,1,0.93,0,0.37,1.31,-0.31,72.5,0,0.74,-0.74,128.4,1,0.83,0.17,114.5,118.8,0.0,0.0,2017,3
15,SWA,2,2,0.57,0,0.2,0.76,1.24,123.7,2,0.26,1.74,361.5,0,0.92,-0.92,102.2,235.0,0.6,0.4,2017,3
16,TOT,1,0,1.36,1,1.11,2.46,-1.46,39.0,0,1.93,-1.93,49.7,1,0.9,0.1,106.7,160.0,0.0,0.0,2017,3
17,WAT,0,0,0.17,0,0.14,0.32,-0.32,293.8,0,0.29,-0.29,324.1,0,1.07,-1.07,87.9,188.0,0.0,0.0,2017,3
18,WBA,1,1,0.52,0,0.31,0.83,0.17,114.5,1,0.81,0.19,117.3,1,1.31,-0.31,72.5,118.8,0.0,0.0,2017,3
19,WHU,0,0,0.53,0,0.05,0.57,-0.57,166.7,0,0.11,-0.11,863.6,3,2.3,0.7,41.3,28.8,0.0,0.0,2017,3
0,ARS,3,3,2.0,0,0.22,2.22,0.78,42.3,3,1.04,1.96,90.4,0,0.56,-0.56,167.9,156.7,0.0,0.0,2017,4
1,BOU,0,0,0.44,0,0.12,0.56,-0.56,167.9,0,0.46,-0.46,204.3,3,2.22,0.78,42.3,19.6,0.0,0.0,2017,4
2,BHA,3,3,0.37,0,0.07,0.44,2.56,218.2,3,0.24,2.76,400.0,1,1.03,-0.03,93.2,160.0,0.0,0.0,2017,4
3,BUR,1,1,0.28,0,0.0,0.28,0.72,332.1,0,0.32,-0.32,290.6,0,2.01,-2.01,46.3,84.5,0.0,0.0,2017,4
4,CHE,2,2,0.77,0,0.06,0.83,1.17,114.5,2,0.58,1.42,163.8,1,1.4,-0.4,67.9,63.3,0.0,0.0,2017,4
5,CRY,0,0,1.58,0,0.44,2.01,-2.01,46.8,0,1.32,-1.32,71.2,1,0.28,0.72,335.7,470.0,0.0,0.0,2017,4
6,EVE,0,0,0.55,0,0.4,0.95,-0.95,100.0,0,1.21,-1.21,78.5,3,1.81,1.19,52.5,45.2,0.0,0.0,2017,4
7,HUD,0,0,0.3,0,0.05,0.36,-0.36,263.9,0,0.18,-0.18,527.8,2,1.87,0.13,50.8,59.4,0.0,0.0,2017,4
8,LEI,1,0,0.47,0,0.14,1.4,-0.4,67.9,0,0.39,-0.39,243.6,2,0.83,1.17,114.5,73.1,0.0,0.0,2017,4
9,LIV,0,0,0.47,0,0.23,0.7,-0.7,142.9,0,0.39,-0.39,256.4,5,2.38,2.62,42.0,26.3,0.0,0.0,2017,4
10,MCI,5,5,2.22,0,0.16,2.38,2.62,39.1,5,1.45,3.55,64.1,0,0.7,-0.7,132.9,84.5,0.0,0.0,2017,4
11,MUN,2,1,1.42,1,0.77,2.19,-0.19,43.4,1,1.51,-0.51,62.9,2,1.23,0.77,77.2,41.3,0.0,0.0,2017,4
12,NEW,1,0,0.7,1,0.26,0.96,0.04,99.0,1,0.53,0.47,179.2,0,1.2,-1.2,79.2,237.5,0.0,0.0,2017,4
13,SOU,0,0,0.19,0,0.15,0.34,-0.34,279.4,0,0.44,-0.44,215.9,2,0.72,1.28,131.9,118.8,0.0,0.0,2017,4
14,STK,2,1,1.01,1,0.22,1.23,0.77,77.2,2,0.67,1.33,141.8,2,2.19,-0.19,43.4,50.0,0.0,0.0,2017,4
15,SWA,0,0,0.79,0,0.4,1.2,-1.2,80.0,0,0.96,-0.96,100.0,1,0.96,0.04,100.0,68.6,0.0,0.0,2017,4
16,TOT,3,2,1.74,1,0.07,1.81,1.19,55.2,2,0.96,1.04,104.2,0,0.95,-0.95,105.3,200.0,0.0,0.0,2017,4
17,WAT,2,2,0.32,0,0.4,0.72,1.28,131.9,2,0.4,1.6,237.5,0,0.34,-0.34,279.4,316.7,0.0,0.0,2017,4
18,WBA,1,1,0.9,0,0.13,1.03,-0.03,93.2,1,0.47,0.53,204.3,3,0.44,2.56,218.2,96.0,0.0,0.0,2017,4
19,WHU,2,1,0.53,1,1.34,1.87,0.13,50.8,1,0.56,0.44,169.6,0,0.36,-0.36,263.9,237.5,0.0,0.0,2017,4
0,ARS,0,0,1.28,0,0.15,1.44,-1.44,66.0,0,0.56,-0.56,169.6,0,0.81,-0.81,117.3,190.0,0.0,0.0,2017,5
1,BOU,2,1,0.97,1,0.26,1.23,0.77,78.0,2,1.09,0.91,88.1,1,0.92,0.08,104.3,120.0,0.0,0.0,2017,5
2,BHA,1,1,0.47,0,0.45,0.92,0.08,104.3,1,0.48,0.52,200.0,2,1.23,0.77,78.0,64.0,0.0,0.0,2017,5
3,BUR,1,1,0.09,0,0.14,0.23,0.77,413.0,0,0.18,-0.18,527.8,1,2.26,-1.26,42.0,95.0,0.0,0.0,2017,5
4,CHE,0,0,0.69,0,0.12,0.81,-0.81,117.3,0,0.49,-0.49,193.9,0,1.44,-1.44,66.0,475.0,0.0,0.0,2017,5
5,CRY,0,0,2.2,0,0.21,2.41,-2.41,40.2,0,0.74,-0.74,131.1,1,0.98,0.02,99.0,69.3,0.0,0.0,2017,5
6,EVE,0,0,1.0,0,0.14,1.14,-1.14,82.5,0,0.28,-0.28,335.7,4,3.07,0.93,30.6,26.9,0.0,0.0,2017,5
7,HUD,1,1,0.63,0,0.07,0.69,0.31,136.2,1,0.67,0.33,140.3,1,1.36,-0.36,69.1,94.0,0.0,0.0,2017,5
8,LEI,1,0,0.31,0,0.26,1.36,-0.36,69.1,0,0.4,-0.4,235.0,1,0.69,0.31,136.2,188.0,0.0,0.0,2017,5
9,LIV,1,1,2.18,0,0.08,2.26,-1.26,42.0,1,1.16,-0.16,81.9,1,0.23,0.77,413.0,237.5,0.0,0.0,2017,5
10,MCI,6,3,2.2,2,0.35,3.35,2.65,28.1,5,1.41,3.59,66.7,0,0.51,-0.51,184.3,156.7,0.0,0.0,2017,5
11,MUN,4,2,1.1,1,1.19,3.07,0.93,30.6,3,0.95,2.05,98.9,0,1.14,-1.14,82.5,104.4,0.0,0.0,2017,5
12,NEW,2,1,1.33,1,0.65,1.98,0.02,48.0,2,1.29,0.71,73.6,1,0.7,0.3,135.7,79.2,0.0,0.0,2017,5
13,SOU,1,1,0.86,0,0.12,0.98,0.02,99.0,0,0.9,-0.9,107.8,0,2.41,-2.41,40.2,80.8,0.0,0.0,2017,5
14,STK,1,1,0.53,0,0.17,0.7,0.3,135.7,1,0.41,0.59,231.7,2,1.98,0.02,48.0,95.0,0.0,0.0,2017,5
15,SWA,0,0,0.08,0,0.12,0.2,-0.2,475.0,0,0.13,-0.13,730.8,0,1.12,-1.12,84.8,73.1,0.0,0.0,2017,5
16,TOT,0,0,0.62,0,0.5,1.12,-1.12,84.8,0,1.2,-1.2,79.2,0,0.2,-0.2,475.0,inf,0.0,0.0,2017,5
17,WAT,0,0,0.09,0,0.42,0.51,-0.51,184.3,0,0.48,-0.48,195.8,6,3.35,2.65,28.1,20.4,0.0,0.0,2017,5
18,WBA,0,0,0.51,0,0.2,0.72,-0.72,133.3,0,0.46,-0.46,208.7,0,0.33,-0.33,290.9,960.0,0.0,0.0,2017,5
19,WHU,0,0,0.21,0,0.11,0.33,-0.33,290.9,0,0.21,-0.21,457.1,0,0.72,-0.72,133.3,960.0,0.0,0.0,2017,5
0,ARS,2,0,0.79,1,0.59,2.17,-0.17,43.3,0,1.4,-1.4,67.1,0,0.86,-0.86,109.3,313.3,0.0,0.0,2017,6
1,BOU,1,1,0.28,0,0.07,0.35,0.65,277.1,1,0.62,0.38,156.5,2,2.05,-0.05,47.3,74.6,0.0,0.0,2017,6
2,BHA,1,0,0.31,1,0.7,1.01,-0.01,93.1,1,0.67,0.33,140.3,0,1.49,-1.49,63.1,117.5,0.0,0.0,2017,6
3,BUR,0,0,0.34,0,0.0,0.34,-0.34,276.5,0,0.37,-0.37,254.1,0,0.34,-0.34,276.5,313.3,0.0,0.0,2017,6
4,CHE,4,4,1.38,0,0.0,1.38,2.62,68.1,3,1.41,1.59,66.7,0,0.85,-0.85,110.6,313.3,0.0,0.0,2017,6
5,CRY,0,0,0.62,0,0.02,0.63,-0.63,149.2,0,0.3,-0.3,313.3,5,4.86,0.14,19.3,18.1,0.0,0.0,2017,6
6,EVE,2,2,1.82,0,0.23,2.05,-0.05,47.3,1,1.43,-0.43,67.8,1,0.35,0.65,277.1,121.3,0.0,0.0,2017,6
7,HUD,0,0,0.21,0,0.13,0.34,-0.34,276.5,0,0.22,-0.22,427.3,0,0.34,-0.34,276.5,940.0,0.0,0.0,2017,6
8,LEI,2,1,1.17,1,1.0,2.96,-0.96,32.4,1,0.29,0.71,331.0,3,1.71,1.29,56.1,73.8,0.0,0.0,2017,6
9,LIV,3,1,1.56,1,0.15,1.71,1.29,56.1,2,1.05,0.95,91.4,2,2.96,-0.96,32.4,33.1,0.0,0.0,2017,6
10,MCI,5,5,4.53,0,0.33,4.86,0.14,19.3,5,2.98,2.02,31.5,0,0.63,-0.63,149.2,inf,0.0,0.0,2017,6
11,MUN,1,1,1.02,0,0.13,1.15,-0.15,82.6,0,0.45,-0.45,211.1,0,1.09,-1.09,87.2,316.7,0.0,0.0,2017,6
12,NEW,0,0,1.16,0,0.32,1.49,-1.49,63.1,0,0.75,-0.75,125.3,1,1.01,-0.01,93.1,94.0,0.0,0.0,2017,6
13,SOU,0,0,0.43,0,0.65,1.09,-1.09,87.2,0,0.74,-0.74,128.4,1,1.15,-0.15,82.6,86.4,0.0,0.0,2017,6
14,STK,0,0,0.4,0,0.44,0.85,-0.85,110.6,0,1.02,-1.02,92.2,4,1.38,2.62,68.1,37.6,0.0,0.0,2017,6
15,SWA,1,1,1.33,0,0.62,1.95,-0.95,49.2,0,0.63,-0.63,152.4,2,1.18,0.82,81.4,41.7,0.0,0.0,2017,6
16,TOT,3,2,1.02,1,0.2,1.22,1.78,79.5,1,0.7,0.3,138.6,2,0.58,1.42,167.2,161.7,0.0,0.0,2017,6
17,WAT,2,2,1.18,0,0.0,1.18,0.82,81.4,1,0.44,0.56,218.2,1,1.95,-0.95,49.2,68.6,0.0,0.0,2017,6
18,WBA,0,0,0.79,0,0.07,0.86,-0.86,109.3,0,0.31,-0.31,303.2,2,2.17,-0.17,43.3,42.7,0.0,0.0,2017,6
19,WHU,2,1,0.3,1,0.28,0.58,1.42,167.2,2,0.8,1.2,121.3,3,1.22,1.78,79.5,57.1,0.0,0.0,2017,6
0,ARS,2,1,1.86,1,0.59,2.45,-0.45,38.4,1,1.75,-0.75,53.7,0,0.4,-0.4,235.0,940.0,0.0,0.0,2017,7
1,BOU,0,0,1.41,0,0.0,1.41,-1.41,68.1,0,0.92,-0.92,104.3,0,0.62,-0.62,154.8,inf,0.0,0.0,2017,7
2,BHA,0,0,0.34,0,0.06,0.4,-0.4,235.0,0,0.41,-0.41,229.3,2,2.45,-0.45,38.4,34.8,0.0,0.0,2017,7
3,BUR,1,1,0.35,0,0.08,0.42,0.58,226.2,1,0.46,0.54,206.5,0,1.08,-1.08,88.0,316.7,0.0,0.0,2017,7
4,CHE,0,0,0.36,0,0.18,0.54,-0.54,174.1,0,0.47,-0.47,200.0,1,0.92,0.08,102.2,94.0,0.0,0.0,2017,7
5,CRY,0,0,0.23,0,0.13,0.36,-0.36,261.1,0,0.59,-0.59,159.3,4,2.88,1.12,32.6,28.5,0.0,0.0,2017,7
6,EVE,0,0,0.94,0,0.15,1.08,-1.08,88.0,0,1.76,-1.76,54.0,1,0.42,0.58,226.2,316.7,0.0,0.0,2017,7
7,HUD,0,0,0.23,0,0.0,0.23,-0.23,408.7,0,0.09,-0.09,1044.4,4,1.54,2.46,61.0,37.6,0.0,0.0,2017,7
8,LEI,0,0,0.57,0,0.05,0.62,-0.62,154.8,0,0.13,-0.13,738.5,0,1.41,-1.41,68.1,96.0,0.0,0.0,2017,7
9,LIV,1,1,0.96,0,0.41,1.37,-0.37,68.6,0,1.15,-1.15,81.7,1,0.33,0.67,284.8,72.3,0.0,0.0,2017,7
10,MCI,1,1,0.66,0,0.27,0.92,0.08,102.2,1,1.0,0.0,94.0,0,0.54,-0.54,174.1,313.3,0.0,0.0,2017,7
11,MUN,4,3,2.09,1,0.79,2.88,1.12,32.6,4,1.47,2.53,63.9,0,0.36,-0.36,261.1,470.0,0.0,0.0,2017,7
12,NEW,1,1,0.22,0,0.11,0.33,0.67,284.8,0,0.33,-0.33,284.8,1,1.37,-0.37,68.6,188.0,0.0,0.0,2017,7
13,SOU,1,0,0.85,1,0.55,1.4,-0.4,70.0,1,1.96,-0.96,50.0,2,2.43,-0.43,40.3,39.2,0.0,0.0,2017,7
14,STK,2,1,1.36,1,0.28,2.43,-0.43,40.3,2,0.54,1.46,181.5,1,1.4,-0.4,70.0,326.7,0.0,0.0,2017,7
15,SWA,0,0,0.17,0,0.05,0.22,-0.22,436.4,0,0.14,-0.14,685.7,1,0.74,0.26,129.7,87.3,0.0,0.0,2017,7
16,TOT,4,4,1.5,0,0.03,1.54,2.46,61.0,3,0.82,2.18,114.6,0,0.23,-0.23,408.7,940.0,0.0,0.0,2017,7
17,WAT,2,1,1.21,1,0.31,1.52,0.48,63.2,2,0.93,1.07,103.2,2,1.95,0.05,49.2,50.5,0.0,0.0,2017,7
18,WBA,2,0,0.95,1,1.0,1.95,0.05,49.2,1,0.49,0.51,195.9,2,1.52,0.48,63.2,56.5,0.0,0.0,2017,7
19,WHU,1,1,0.69,0,0.05,0.74,0.26,129.7,1,0.39,0.61,246.2,0,0.22,-0.22,436.4,960.0,0.0,0.0,2017,7
0,ARS,1,0,0.85,1,0.15,1.0,0.0,95.0,1,1.01,-0.01,94.1,2,1.69,0.31,56.2,55.9,0.0,0.0,2017,8
1,BOU,0,0,0.17,0,0.06,0.23,-0.23,421.7,0,0.23,-0.23,421.7,1,1.83,-0.83,53.0,88.2,0.0,0.0,2017,8
2,BHA,1,1,0.63,0,0.44,1.07,-0.07,88.8,1,1.07,-0.07,88.8,1,1.49,-0.49,63.8,52.8,0.0,0.0,2017,8
3,BUR,1,1,0.81,0,0.36,1.16,-0.16,81.9,1,1.24,-0.24,76.6,1,0.89,0.11,106.7,50.0,0.0,0.0,2017,8
4,CHE,1,0,0.5,1,0.26,0.76,0.24,126.3,1,0.65,0.35,147.7,2,1.7,0.3,56.5,48.0,0.0,0.0,2017,8
5,CRY,2,2,1.53,0,0.17,1.7,0.3,56.5,1,0.57,0.43,168.4,1,0.76,0.24,126.3,120.0,0.0,0.0,2017,8
6,EVE,1,0,0.53,0,0.17,1.49,-0.49,63.8,0,0.79,-0.79,120.3,1,1.07,-0.07,88.8,118.8,0.0,0.0,2017,8
7,HUD,0,0,0.7,0,0.0,0.7,-0.7,137.1,0,0.36,-0.36,266.7,2,1.77,0.23,54.2,48.0,0.0,0.0,2017,8
8,LEI,1,1,1.01,0,0.31,1.32,-0.32,72.7,1,0.72,0.28,133.3,1,0.21,0.79,457.1,480.0,0.0,0.0,2017,8
9,LIV,0,0,1.15,0,0.41,1.56,-1.56,60.3,0,1.75,-1.75,53.7,0,0.22,-0.22,427.3,940.0,0.0,0.0,2017,8
10,MCI,7,5,3.54,1,0.29,3.84,3.16,24.5,7,2.92,4.08,32.2,2,0.54,1.46,174.1,inf,0.0,0.0,2017,8
11,MUN,0,0,0.2,0,0.01,0.22,-0.22,427.3,0,0.12,-0.12,783.3,0,1.56,-1.56,60.3,117.5,0.0,0.0,2017,8
12,NEW,2,2,0.78,0,0.39,1.17,0.83,82.1,0,0.46,-0.46,208.7,2,1.52,0.48,63.2,68.6,0.0,0.0,2017,8
13,SOU,2,1,0.62,0,0.12,1.52,0.48,63.2,1,0.65,0.35,147.7,2,1.17,0.83,82.1,192.0,0.0,0.0,2017,8
14,STK,2,2,0.54,0,0.0,0.54,1.46,174.1,1,0.36,0.64,261.1,7,3.84,3.16,24.5,16.2,0.0,0.0,2017,8
15,SWA,2,2,1.64,0,0.13,1.77,0.23,54.2,2,0.35,1.65,274.3,0,0.7,-0.7,137.1,320.0,0.0,0.0,2017,8
16,TOT,1,1,1.47,0,0.36,1.83,-0.83,53.0,0,1.93,-1.93,50.3,0,0.23,-0.23,421.7,323.3,0.0,0.0,2017,8
17,WAT,2,1,0.9,0,0.0,1.69,0.31,56.2,0,0.71,-0.71,133.8,1,1.0,0.0,95.0,55.9,0.0,0.0,2017,8
18,WBA,1,0,0.13,1,0.08,0.21,0.79,457.1,0,0.2,-0.2,480.0,1,1.32,-0.32,72.7,320.0,0.0,0.0,2017,8
19,WHU,1,1,0.89,0,0.0,0.89,0.11,106.7,1,0.27,0.73,351.9,1,1.16,-0.16,81.9,63.3,0.0,0.0,2017,8
0,ARS,5,5,3.14,0,0.41,3.55,1.45,27.0,4,1.77,2.23,54.2,2,0.95,1.05,101.1,120.0,0.0,0.0,2017,9
1,BOU,2,1,0.29,0,0.0,1.08,0.92,88.9,1,0.28,0.72,342.9,1,1.23,-0.23,78.0,160.0,0.0,0.0,2017,9
2,BHA,3,1,0.85,1,0.13,1.77,1.23,53.1,2,0.66,1.34,142.4,0,0.66,-0.66,142.4,940.0,0.0,0.0,2017,9
3,BUR,0,0,0.18,0,0.04,0.23,-0.23,408.7,0,0.26,-0.26,361.5,3,3.61,-0.61,26.0,20.4,0.0,0.0,2017,9
4,CHE,4,2,1.46,2,0.42,1.88,2.12,51.1,3,0.6,2.4,160.0,2,1.87,0.13,51.3,80.0,0.0,0.0,2017,9
5,CRY,0,0,0.4,0,0.15,0.55,-0.55,172.7,0,0.44,-0.44,215.9,1,0.35,0.65,271.4,158.3,0.0,0.0,2017,9
6,EVE,2,2,0.75,0,0.2,0.95,1.05,101.1,0,0.26,-0.26,369.2,5,3.55,1.45,27.0,18.1,0.0,0.0,2017,9
7,HUD,2,1,1.11,0,0.04,1.15,0.85,82.6,1,0.54,0.46,175.9,1,0.75,0.25,126.7,95.0,0.0,0.0,2017,9
8,LEI,2,1,1.92,0,0.0,1.92,0.08,49.5,1,1.22,-0.22,77.9,1,0.78,0.22,121.8,105.6,0.0,0.0,2017,9
9,LIV,1,1,0.62,0,0.02,0.64,0.36,145.3,1,0.56,0.44,166.1,4,2.08,1.92,44.7,32.1,0.0,0.0,2017,9
10,MCI,3,1,2.72,1,0.1,3.61,-0.61,26.0,2,0.91,1.09,103.3,0,0.23,-0.23,408.7,inf,0.0,0.0,2017,9
11,MUN,1,1,0.71,0,0.05,0.75,0.25,126.7,1,1.0,0.0,95.0,2,1.15,0.85,82.6,63.3,0.0,0.0,2017,9
12,NEW,1,0,0.26,1,0.08,0.35,0.65,271.4,0,0.29,-0.29,327.6,0,0.55,-0.55,172.7,inf,0.0,0.0,2017,9
13,SOU,1,1,1.02,0,0.96,1.97,-0.97,48.2,0,2.06,-2.06,46.1,0,0.42,-0.42,226.2,316.7,0.4,0.1,2017,9
14,STK,1,1,0.55,1,0.67,1.23,-0.23,78.0,1,1.73,-0.73,55.5,2,1.08,0.92,88.9,68.6,0.0,0.0,2017,9
15,SWA,1,0,0.5,1,0.27,0.78,0.22,121.8,1,0.72,0.28,131.9,2,1.92,0.08,49.5,38.0,0.0,0.0,2017,9
16,TOT,4,1,1.48,2,0.6,2.08,1.92,44.7,2,0.5,1.5,186.0,1,0.64,0.36,145.3,51.7,0.0,0.0,2017,9
17,WAT,2,1,1.17,1,0.7,1.87,0.13,51.3,1,1.53,-0.53,62.7,4,1.88,2.12,51.1,34.3,0.0,0.0,2017,9
18,WBA,0,0,0.36,0,0.05,0.42,-0.42,226.2,0,0.31,-0.31,306.5,1,1.97,-0.97,48.2,79.2,1.0,1.0,2017,9
19,WHU,0,0,0.41,0,0.25,0.66,-0.66,142.4,0,0.88,-0.88,106.8,3,1.77,1.23,53.1,33.6,0.0,0.0,2017,9
0,ARS,2,2,1.79,0,0.18,1.97,0.03,47.7,2,1.53,0.47,61.4,1,0.83,0.17,113.3,117.5,0.0,0.0,2017,10
1,BOU,0,0,0.49,0,0.0,0.49,-0.49,193.9,0,0.83,-0.83,114.5,1,1.63,-0.63,58.3,86.4,0.0,0.0,2017,10
2,BHA,1,1,0.52,0,0.81,1.33,-0.33,70.7,1,1.18,-0.18,79.7,1,0.31,0.69,303.2,940.0,0.0,0.0,2017,10
3,BUR,1,1,0.39,0,0.46,0.86,0.14,109.3,1,0.8,0.2,117.5,0,0.53,-0.53,177.4,104.4,0.0,0.0,2017,10
4,CHE,1,1,1.56,0,0.07,1.63,-0.63,58.3,1,1.33,-0.33,71.4,0,0.49,-0.49,193.9,inf,0.0,0.0,2017,10
5,CRY,2,1,0.37,0,1.44,2.6,-0.6,37.7,1,0.85,0.15,115.3,2,0.8,1.2,122.5,108.9,0.0,0.0,2017,10
6,EVE,0,0,0.49,0,0.12,0.62,-0.62,151.6,0,0.96,-0.96,97.9,2,1.31,0.69,71.8,62.7,0.0,0.0,2017,10
7,HUD,0,0,0.0,0,0.07,0.07,-0.07,1328.6,0,0.05,-0.05,1860.0,3,2.12,0.88,43.9,35.8,0.0,0.0,2017,10
8,LEI,2,1,1.01,0,0.3,1.31,0.69,71.8,2,0.75,1.25,125.3,0,0.62,-0.62,151.6,188.0,0.0,0.0,2017,10
9,LIV,3,2,0.89,1,0.44,2.12,0.88,43.9,2,1.08,0.92,86.1,0,0.07,-0.07,1328.6,inf,0.0,0.0,2017,10
10,MCI,3,3,2.13,0,0.15,2.28,0.72,41.7,3,2.49,0.51,38.2,2,1.51,0.49,62.9,50.0,0.0,0.0,2017,10
11,MUN,1,1,0.73,0,0.08,0.81,0.19,116.0,1,0.39,0.61,241.0,0,1.16,-1.16,81.0,72.3,0.0,0.0,2017,10
12,NEW,0,0,0.32,0,0.21,0.53,-0.53,177.4,0,0.29,-0.29,324.1,1,0.86,0.14,109.3,134.3,0.0,0.0,2017,10
13,SOU,1,0,0.14,1,0.17,0.31,0.69,303.2,0,0.17,-0.17,552.9,1,1.33,-0.33,70.7,235.0,0.0,0.0,2017,10
14,STK,1,0,1.04,1,0.03,1.07,-0.07,90.7,1,0.34,0.66,285.3,0,1.28,-1.28,75.8,inf,0.0,0.0,2017,10
15,SWA,1,1,0.76,0,0.07,0.83,0.17,113.3,1,0.24,0.76,391.7,2,1.97,0.03,47.7,62.7,0.0,0.0,2017,10
16,TOT,0,0,0.98,0,0.18,1.16,-1.16,81.0,0,0.72,-0.72,130.6,1,0.81,0.19,116.0,72.3,0.0,0.0,2017,10
17,WAT,0,0,0.81,0,0.47,1.28,-1.28,75.8,0,1.53,-1.53,63.4,1,1.07,-0.07,90.7,485.0,0.0,0.0,2017,10
18,WBA,2,2,1.51,0,0.0,1.51,0.49,62.9,1,0.5,0.5,190.0,3,2.28,0.72,41.7,41.3,0.0,0.0,2017,10
19,WHU,2,2,0.39,0,0.41,0.8,1.2,122.5,1,0.54,0.46,181.5,2,2.6,-0.6,37.7,39.2,0.0,0.0,2017,10
0,ARS,1,1,0.23,0,0.08,0.31,0.69,306.5,1,0.24,0.76,395.8,3,1.83,1.17,51.9,36.5,0.0,0.0,2017,11
1,BOU,1,0,1.36,1,0.1,1.47,-0.47,63.9,1,0.93,0.07,101.1,0,0.78,-0.78,120.5,235.0,0.0,0.0,2017,11
2,BHA,1,1,0.88,0,0.0,0.88,0.12,109.1,1,0.59,0.41,162.7,0,1.46,-1.46,65.8,320.0,0.0,0.0,2017,11
3,BUR,1,1,0.17,0,0.0,0.17,0.83,547.1,1,0.19,0.81,489.5,0,0.74,-0.74,125.7,116.3,0.0,0.0,2017,11
4,CHE,1,1,1.2,0,0.43,1.63,-0.63,58.3,1,0.87,0.13,109.2,0,0.74,-0.74,128.4,475.0,0.0,0.0,2017,11
5,CRY,0,0,0.51,0,0.32,0.82,-0.82,114.6,0,0.3,-0.3,313.3,1,0.85,0.15,110.6,313.3,0.0,0.0,2017,11
6,EVE,3,1,1.24,1,0.17,2.19,0.81,47.0,2,0.62,1.38,166.1,2,1.98,0.02,52.0,85.8,0.0,0.0,2017,11
7,HUD,1,1,0.15,0,0.19,0.34,0.66,285.3,1,0.17,0.83,570.6,0,0.37,-0.37,262.2,161.7,0.0,0.0,2017,11
8,LEI,2,1,1.0,1,0.55,1.55,0.45,61.3,2,0.89,1.11,106.7,2,0.97,1.03,97.9,47.5,0.0,0.0,2017,11
9,LIV,4,2,1.91,1,0.77,2.68,1.32,35.1,2,0.48,1.52,195.8,1,1.16,-0.16,81.0,117.5,1.1,0.1,2017,11
10,MCI,3,2,0.83,0,0.21,1.83,1.17,51.9,2,1.16,0.84,81.9,1,0.31,0.69,306.5,158.3,0.0,0.0,2017,11
11,MUN,0,0,0.65,0,0.08,0.74,-0.74,128.4,0,0.95,-0.95,100.0,1,1.63,-0.63,58.3,59.4,0.0,0.0,2017,11
12,NEW,0,0,0.59,0,0.19,0.78,-0.78,120.5,0,1.03,-1.03,91.3,1,1.47,-0.47,63.9,94.0,0.0,0.0,2017,11
13,SOU,0,0,0.63,0,0.12,0.74,-0.74,125.7,0,0.82,-0.82,113.4,1,0.17,0.83,547.1,186.0,0.0,0.0,2017,11
14,STK,2,1,0.62,1,0.35,0.97,1.03,97.9,2,0.84,1.16,113.1,2,1.55,0.45,61.3,105.6,0.0,0.0,2017,11
15,SWA,0,0,0.75,0,0.71,1.46,-1.46,65.1,0,1.15,-1.15,82.6,1,0.88,0.12,108.0,95.0,0.0,0.0,2017,11
16,TOT,1,1,0.69,0,0.16,0.85,0.15,110.6,0,0.63,-0.63,149.2,0,0.82,-0.82,114.6,134.3,0.0,0.0,2017,11
17,WAT,2,1,0.98,1,0.21,1.98,0.02,52.0,2,0.55,1.45,187.3,3,2.19,0.81,47.0,39.6,0.0,0.0,2017,11
18,WBA,0,0,0.29,0,0.08,0.37,-0.37,262.2,0,0.51,-0.51,190.2,1,0.34,0.66,285.3,88.2,0.0,0.0,2017,11
19,WHU,1,1,1.08,0,0.08,1.16,-0.16,81.0,1,0.52,0.48,180.8,4,2.68,1.32,35.1,23.5,1.9,0.8,2017,11
0,ARS,2,1,1.98,1,0.15,2.13,-0.13,44.6,2,1.24,0.76,76.6,0,0.74,-0.74,128.4,95.0,0.0,0.0,2017,12
1,BOU,4,2,0.26,2,0.43,0.69,3.31,136.2,3,0.78,2.22,120.5,0,1.21,-1.21,77.7,188.0,0.0,0.0,2017,12
2,BHA,2,2,0.4,0,0.09,0.49,1.51,191.8,1,0.56,0.44,167.9,2,1.04,0.96,90.4,67.1,0.0,0.0,2017,12
3,BUR,2,2,1.34,0,0.29,1.63,0.37,60.1,2,0.67,1.33,146.3,0,0.6,-0.6,163.3,980.0,0.0,0.0,2017,12
4,CHE,4,3,1.37,1,0.22,1.6,2.4,58.1,3,0.87,2.13,106.9,0,0.79,-0.79,117.7,465.0,0.0,0.0,2017,12
5,CRY,2,2,1.79,0,0.23,2.02,-0.02,46.5,1,0.7,0.3,134.3,2,1.76,0.24,53.4,34.8,0.0,0.0,2017,12
6,EVE,2,1,0.95,0,0.02,1.76,0.24,53.4,1,0.57,0.43,164.9,2,2.02,-0.02,46.5,36.2,0.0,0.0,2017,12
7,HUD,0,0,0.81,0,0.4,1.21,-1.21,77.7,0,0.92,-0.92,102.2,4,0.69,3.31,136.2,72.3,0.0,0.0,2017,12
8,LEI,0,0,0.03,0,0.14,0.16,-0.16,587.5,0,0.17,-0.17,552.9,2,1.87,0.13,50.3,42.7,0.0,0.0,2017,12
9,LIV,3,3,1.88,0,0.12,2.0,1.0,47.0,2,1.04,0.96,90.4,0,0.35,-0.35,268.6,inf,0.0,0.0,2017,12
10,MCI,2,2,1.69,0,0.18,1.87,0.13,49.7,2,2.07,-0.07,44.9,0,0.16,-0.16,581.3,inf,0.0,0.0,2017,12
11,MUN,4,3,2.13,1,0.97,3.1,0.9,30.3,4,2.89,1.11,32.5,1,1.15,-0.15,81.7,44.8,0.0,0.0,2017,12
12,NEW,1,1,1.07,0,0.08,1.15,-0.15,81.7,1,0.53,0.47,177.4,4,3.1,0.9,30.3,26.9,0.0,0.0,2017,12
13,SOU,0,0,0.12,0,0.23,0.35,-0.35,268.6,0,0.34,-0.34,276.5,3,2.0,1.0,47.0,42.7,0.0,0.0,2017,12
14,STK,2,1,0.48,1,0.56,1.04,0.96,90.4,1,1.27,-0.27,74.0,2,0.49,1.51,191.8,235.0,0.0,0.0,2017,12
15,SWA,0,0,0.43,0,0.17,0.6,-0.6,163.3,0,0.29,-0.29,337.9,2,1.63,0.37,60.1,70.0,0.0,0.0,2017,12
16,TOT,0,0,0.64,0,0.1,0.74,-0.74,128.4,0,0.69,-0.69,137.7,2,2.13,-0.13,44.6,31.7,0.0,0.0,2017,12
17,WAT,2,2,0.88,0,0.15,1.03,0.97,96.1,2,1.02,0.98,97.1,0,1.63,-1.63,60.7,49.5,0.0,0.0,2017,12
18,WBA,0,0,0.63,0,0.16,0.79,-0.79,117.7,0,0.69,-0.69,134.8,4,1.6,2.4,58.1,35.8,0.0,0.0,2017,12
19,WHU,0,0,1.56,0,0.07,1.63,-1.63,60.7,0,0.68,-0.68,145.6,2,1.03,0.97,96.1,70.7,0.0,0.0,2017,12
0,ARS,1,0,0.96,0,0.05,1.79,-0.79,52.5,0,0.78,-0.78,120.5,0,0.42,-0.42,223.8,188.0,0.0,0.0,2017,13
1,BOU,0,0,0.36,0,0.05,0.41,-0.41,234.1,0,0.39,-0.39,246.2,0,0.87,-0.87,110.3,960.0,0.0,0.0,2017,13
2,BHA,0,0,0.34,0,0.15,0.49,-0.49,195.9,0,0.69,-0.69,139.1,1,1.26,-0.26,76.2,137.1,0.0,0.0,2017,13
3,BUR,0,0,0.21,0,0.21,0.42,-0.42,223.8,0,0.21,-0.21,447.6,1,1.79,-0.79,52.5,85.5,0.0,0.0,2017,13
4,CHE,1,1,0.47,0,0.3,0.77,0.23,122.1,1,1.0,0.0,94.0,1,1.22,-0.22,77.0,78.3,0.0,0.0,2017,13
5,CRY,2,1,0.83,1,0.56,1.39,0.61,67.6,1,0.86,0.14,109.3,1,0.7,0.3,134.3,104.4,0.0,0.0,2017,13
6,EVE,1,1,0.17,0,0.0,0.17,0.83,558.8,1,0.15,0.85,633.3,4,2.05,1.95,46.3,36.5,0.0,0.0,2017,13
7,HUD,1,0,0.47,1,0.08,0.55,0.45,174.5,0,0.18,-0.18,533.3,2,2.64,-0.64,36.4,26.7,0.0,0.0,2017,13
8,LEI,1,1,0.3,0,0.06,0.36,0.64,269.4,0,0.11,-0.11,881.8,1,0.91,0.09,106.6,48.5,0.0,0.0,2017,13
9,LIV,1,1,0.85,0,0.36,1.22,-0.22,77.0,1,0.83,0.17,113.3,1,0.77,0.23,122.1,94.0,0.0,0.0,2017,13
10,MCI,2,1,1.68,0,0.17,2.64,-0.64,36.4,0,1.5,-1.5,64.0,1,0.55,0.45,174.5,inf,0.0,0.0,2017,13
11,MUN,1,0,0.57,1,0.69,1.26,-0.26,76.2,0,1.44,-1.44,66.7,0,0.49,-0.49,195.9,960.0,0.0,0.0,2017,13
12,NEW,0,0,0.84,0,0.02,0.86,-0.86,109.3,0,1.11,-1.11,84.7,3,1.98,1.02,47.5,40.9,0.0,0.0,2017,13
13,SOU,4,4,1.51,0,0.54,2.05,1.95,46.3,4,1.4,2.6,67.9,1,0.17,0.83,558.8,950.0,0.0,0.0,2017,13
14,STK,1,1,0.43,0,0.27,0.7,0.3,134.3,1,0.85,0.15,110.6,2,1.39,0.61,67.6,67.1,0.0,0.0,2017,13
15,SWA,0,0,0.87,0,0.0,0.87,-0.87,110.3,0,0.38,-0.38,252.6,0,0.41,-0.41,234.1,96.0,0.0,0.0,2017,13
16,TOT,1,1,1.47,0,0.37,1.84,-0.84,52.2,1,1.22,-0.22,78.7,1,0.67,0.33,143.3,137.1,0.0,0.0,2017,13
17,WAT,3,3,1.91,0,0.08,1.98,1.02,47.5,2,1.46,0.54,64.4,0,0.86,-0.86,109.3,67.1,0.0,0.0,2017,13
18,WBA,1,1,0.62,0,0.06,0.67,0.33,143.3,1,0.29,0.71,331.0,1,1.84,-0.84,52.2,106.7,0.0,0.0,2017,13
19,WHU,1,0,0.23,1,0.68,0.91,0.09,106.6,1,1.45,-0.45,66.9,1,0.36,0.64,269.4,323.3,0.0,0.0,2017,13
0,ARS,5,5,3.91,0,0.11,4.02,0.98,23.4,5,2.27,2.73,41.4,0,0.52,-0.52,180.8,470.0,0.0,0.0,2017,14
1,BOU,1,1,1.07,0,0.1,1.18,-0.18,81.4,0,0.86,-0.86,111.6,2,1.07,0.93,89.7,68.6,0.0,0.0,2017,14
2,BHA,0,0,0.19,0,0.38,0.57,-0.57,164.9,0,0.31,-0.31,303.2,0,0.55,-0.55,170.9,313.3,0.0,0.0,2017,14
3,BUR,2,2,0.91,0,0.15,1.07,0.93,89.7,1,0.46,0.54,208.7,1,1.18,-0.18,81.4,56.5,0.0,0.0,2017,14
4,CHE,1,0,0.98,1,0.52,1.5,-0.5,63.3,0,0.72,-0.72,131.9,0,0.05,-0.05,1900.0,inf,0.0,0.0,2017,14
5,CRY,0,0,0.39,0,0.16,0.55,-0.55,170.9,0,0.18,-0.18,522.2,0,0.57,-0.57,164.9,313.3,0.0,0.0,2017,14
6,EVE,4,2,0.64,2,0.13,1.56,2.44,60.3,2,0.47,1.53,200.0,0,1.13,-1.13,83.2,67.1,0.0,0.0,2017,14
7,HUD,0,0,0.32,0,0.19,0.52,-0.52,180.8,0,0.36,-0.36,261.1,5,4.02,0.98,23.4,30.3,0.0,0.0,2017,14
8,LEI,2,2,0.46,0,0.18,0.64,1.36,150.0,2,0.49,1.51,195.9,1,2.43,-1.43,39.5,137.1,0.0,0.0,2017,14
9,LIV,3,2,2.72,0,0.16,2.89,0.11,32.5,2,0.74,1.26,127.0,0,0.91,-0.91,103.3,inf,0.0,0.0,2017,14
10,MCI,2,1,0.93,1,0.51,1.44,0.56,67.4,1,1.42,-0.42,68.3,1,1.35,-0.35,71.9,88.2,0.0,0.0,2017,14
11,MUN,4,2,0.9,1,0.28,1.19,2.81,79.8,3,0.43,2.57,220.9,2,1.36,0.64,69.9,63.3,0.0,0.0,2017,14
12,NEW,2,0,0.35,2,0.63,0.98,1.02,96.9,1,0.88,0.12,108.0,2,1.17,0.83,81.2,135.7,0.0,0.0,2017,14
13,SOU,1,1,0.51,0,0.84,1.35,-0.35,71.9,1,1.29,-0.29,75.2,2,1.44,0.56,67.4,38.8,0.0,0.0,2017,14
14,STK,0,0,0.61,0,0.3,0.91,-0.91,103.3,0,0.4,-0.4,235.0,3,2.89,0.11,32.5,31.3,0.0,0.0,2017,14
15,SWA,0,0,0.05,0,0.0,0.05,-0.05,1900.0,0,0.21,-0.21,452.4,1,1.5,-0.5,63.3,45.2,0.0,0.0,2017,14
16,TOT,1,1,2.22,0,0.21,2.43,-1.43,39.5,1,1.64,-0.64,58.5,2,0.64,1.36,150.0,120.0,0.0,0.0,2017,14
17,WAT,2,1,0.53,0,0.04,1.36,0.64,69.9,1,0.82,0.18,115.9,4,1.19,2.81,79.8,55.9,0.0,0.0,2017,14
18,WBA,2,2,0.47,0,0.7,1.17,0.83,81.2,2,1.14,0.86,83.3,2,0.98,1.02,96.9,237.5,0.0,0.0,2017,14
19,WHU,0,0,0.19,0,0.15,1.13,-1.13,83.2,0,0.57,-0.57,164.9,4,1.56,2.44,60.3,39.2,0.0,0.0,2017,14
0,ARS,1,1,3.43,0,1.28,4.71,-3.71,20.4,1,3.64,-2.64,26.4,3,1.84,1.16,52.2,43.6,0.0,0.0,2017,15
1,BOU,1,1,0.67,0,0.23,0.9,0.1,104.4,1,0.73,0.27,128.8,1,1.54,-0.54,61.0,117.5,0.0,0.0,2017,15
2,BHA,1,0,0.81,0,0.14,1.74,-0.74,54.6,0,0.6,-0.6,158.3,5,1.8,3.2,52.8,41.3,0.0,0.0,2017,15
3,BUR,0,0,0.58,0,0.37,0.96,-0.96,99.0,0,1.26,-1.26,75.4,1,1.43,-0.43,66.4,118.8,0.0,0.0,2017,15
4,CHE,3,2,2.19,0,0.26,3.24,-0.24,29.0,1,2.83,-1.83,33.2,1,0.55,0.45,170.9,313.3,0.0,0.0,2017,15
5,CRY,0,0,0.36,0,0.24,0.59,-0.59,159.3,0,0.48,-0.48,195.8,0,1.86,-1.86,50.5,39.2,0.0,0.0,2017,15
6,EVE,2,1,0.54,0,0.17,0.7,1.3,134.3,2,0.5,1.5,188.0,0,0.3,-0.3,313.3,188.0,0.0,0.0,2017,15
7,HUD,0,0,0.1,0,0.2,0.3,-0.3,313.3,0,0.28,-0.28,335.7,2,0.7,1.3,134.3,62.7,0.0,0.0,2017,15
8,LEI,1,1,1.39,0,0.04,1.43,-0.43,66.4,0,0.72,-0.72,131.9,0,0.96,-0.96,99.0,237.5,0.0,0.0,2017,15
9,LIV,5,1,1.3,2,0.5,1.8,3.2,52.8,3,1.37,1.63,69.3,1,1.74,-0.74,54.6,55.9,0.0,0.0,2017,15
10,MCI,2,2,2.27,0,0.16,2.43,-0.43,39.5,2,2.92,-0.92,32.9,1,0.61,0.39,157.4,160.0,0.0,0.0,2017,15
11,MUN,3,2,1.74,0,0.1,1.84,1.16,52.2,3,1.16,1.84,82.8,1,4.71,-3.71,20.4,16.3,0.0,0.0,2017,15
12,NEW,1,1,0.45,0,0.1,0.55,0.45,170.9,0,0.19,-0.19,494.7,3,3.24,-0.24,29.0,25.4,0.0,0.0,2017,15
13,SOU,1,1,1.35,0,0.19,1.54,-0.54,61.0,1,0.99,0.01,94.9,1,0.9,0.1,104.4,117.5,0.0,0.0,2017,15
14,STK,2,2,1.06,0,0.04,1.11,0.89,88.3,2,1.06,0.94,92.5,1,0.42,0.58,233.3,163.3,0.0,0.0,2017,15
15,SWA,1,1,0.25,0,0.17,0.42,0.58,233.3,1,0.35,0.65,280.0,2,1.11,0.89,88.3,81.7,0.0,0.0,2017,15
16,TOT,1,1,0.61,0,0.17,0.79,0.21,120.3,1,0.58,0.42,163.8,1,0.38,0.62,250.0,475.0,0.0,0.0,2017,15
17,WAT,1,0,0.1,1,0.28,0.38,0.62,250.0,1,0.89,0.11,106.7,1,0.79,0.21,120.3,105.6,0.0,0.0,2017,15
18,WBA,0,0,1.66,0,0.19,1.86,-1.86,50.5,0,1.28,-1.28,73.4,0,0.59,-0.59,159.3,313.3,0.0,0.0,2017,15
19,WHU,1,0,0.19,1,0.42,0.61,0.39,157.4,1,0.24,0.76,400.0,2,2.43,-0.43,39.5,23.4,0.0,0.0,2017,15
0,ARS,1,1,0.54,0,0.12,0.66,0.34,143.9,1,1.75,-0.75,54.3,1,1.28,-0.28,74.2,79.2,0.0,0.0,2017,16
1,BOU,2,1,0.39,1,0.28,0.66,1.34,145.5,2,0.85,1.15,112.9,2,4.1,-2.1,23.4,30.0,0.8,1.8,2017,16
2,BHA,0,0,0.24,0,0.05,0.29,-0.29,324.1,0,0.17,-0.17,552.9,2,2.24,-0.24,42.0,44.8,0.0,0.0,2017,16
3,BUR,1,1,0.3,0,0.16,0.46,0.54,206.5,1,0.59,0.41,161.0,0,1.06,-1.06,89.6,950.0,0.0,0.0,2017,16
4,CHE,0,0,1.12,0,0.13,1.25,-1.25,76.8,0,1.25,-1.25,76.8,1,0.29,0.71,331.0,192.0,0.0,0.0,2017,16
5,CRY,2,0,0.77,1,1.75,4.1,-2.1,23.4,1,3.28,-2.28,29.3,2,0.66,1.34,145.5,68.6,0.4,0.3,2017,16
6,EVE,1,0,0.08,0,0.0,0.87,0.13,109.2,0,0.06,-0.06,1583.3,1,1.58,-0.58,60.1,67.9,0.0,0.0,2017,16
7,HUD,2,0,1.18,2,1.07,2.24,-0.24,42.0,2,1.55,0.45,60.6,0,0.29,-0.29,324.1,235.0,0.0,0.0,2017,16
8,LEI,3,3,0.38,0,0.11,0.5,2.5,192.0,2,1.24,0.76,77.4,2,0.9,1.1,106.7,73.8,0.0,0.0,2017,16
9,LIV,1,1,1.22,0,0.36,1.58,-0.58,60.1,1,1.48,-0.48,64.2,1,0.87,0.13,109.2,73.1,0.0,0.0,2017,16
10,MCI,2,0,0.93,2,0.77,1.7,0.3,55.9,0,1.42,-1.42,66.9,1,1.45,-0.45,65.5,43.2,0.0,0.0,2017,16
11,MUN,1,1,1.39,0,0.06,1.45,-0.45,65.5,0,0.37,-0.37,256.8,2,1.7,0.3,55.9,45.2,0.0,0.0,2017,16
12,NEW,2,1,0.68,1,0.22,0.9,1.1,106.7,2,0.34,1.66,282.4,3,0.5,2.5,192.0,56.5,0.0,0.0,2017,16
13,SOU,1,1,1.28,0,0.0,1.28,-0.28,74.2,1,0.36,0.64,263.9,1,0.66,0.34,143.9,59.4,0.0,0.0,2017,16
14,STK,1,0,0.31,1,0.17,0.48,0.52,193.8,1,0.31,0.69,300.0,5,3.56,1.44,26.1,23.3,0.0,0.0,2017,16
15,SWA,1,0,0.86,1,0.7,1.56,-0.56,60.9,0,0.5,-0.5,190.0,0,0.34,-0.34,279.4,950.0,0.0,0.0,2017,16
16,TOT,5,3,3.4,1,0.16,3.56,1.44,26.1,3,2.23,0.77,41.7,1,0.48,0.52,193.8,116.3,0.0,0.0,2017,16
17,WAT,0,0,0.59,0,0.47,1.06,-1.06,89.6,0,1.32,-1.32,72.0,1,0.46,0.54,206.5,59.4,0.0,0.0,2017,16
18,WBA,0,0,0.28,0,0.06,0.34,-0.34,279.4,0,0.44,-0.44,215.9,1,1.56,-0.56,60.9,135.7,0.0,0.0,2017,16
19,WHU,1,1,0.29,0,0.03,0.29,0.71,331.0,1,0.16,0.84,600.0,0,1.25,-1.25,76.8,192.0,0.0,0.0,2017,16
0,ARS,0,0,0.83,0,0.18,1.01,-1.01,93.1,0,1.91,-1.91,49.2,0,0.39,-0.39,241.0,inf,0.0,0.0,2017,17
1,BOU,0,0,0.58,0,0.2,0.77,-0.77,123.4,0,0.69,-0.69,137.7,1,1.16,-0.16,81.9,105.6,0.0,0.0,2017,17
2,BHA,0,0,0.29,0,0.11,0.4,-0.4,235.0,0,0.31,-0.31,303.2,2,1.52,0.48,61.8,44.8,0.0,0.0,2017,17
3,BUR,1,1,0.21,0,0.22,0.43,0.57,220.9,1,0.52,0.48,182.7,0,1.11,-1.11,85.6,95.0,0.0,0.0,2017,17
4,CHE,3,3,1.41,0,0.14,1.55,1.45,60.0,3,1.34,1.66,69.4,1,0.71,0.29,131.0,66.4,0.0,0.0,2017,17
5,CRY,2,2,0.94,0,0.21,1.15,0.85,84.3,0,0.31,-0.31,312.9,1,1.23,-0.23,78.9,194.0,0.0,0.0,2017,17
6,EVE,1,1,1.14,0,0.07,1.21,-0.21,78.5,0,0.42,-0.42,226.2,0,0.76,-0.76,125.0,105.6,0.0,0.0,2017,17
7,HUD,1,1,0.71,0,0.0,0.71,0.29,131.0,1,0.14,0.86,664.3,3,1.55,1.45,60.0,42.3,0.0,0.0,2017,17
8,LEI,4,2,0.7,2,1.06,1.76,2.24,53.4,3,0.63,2.37,149.2,1,1.56,-0.56,60.3,58.8,0.0,0.0,2017,17
9,LIV,0,0,2.12,0,0.05,2.17,-2.17,43.3,0,0.94,-0.94,100.0,0,0.37,-0.37,254.1,940.0,0.0,0.0,2017,17
10,MCI,4,3,2.43,1,0.26,2.68,1.32,34.3,3,1.77,1.23,52.0,0,0.6,-0.6,153.3,306.7,0.0,0.0,2017,17
11,MUN,1,1,1.16,0,0.0,1.16,-0.16,81.9,1,0.78,0.22,121.8,0,0.77,-0.77,123.4,73.1,0.0,0.0,2017,17
12,NEW,0,0,0.54,0,0.21,0.76,-0.76,125.0,0,0.42,-0.42,226.2,1,1.21,-0.21,78.5,67.9,0.0,0.0,2017,17
13,SOU,1,0,0.89,1,0.67,1.56,-0.56,60.3,1,1.34,-0.34,70.1,4,1.76,2.24,53.4,55.3,0.0,0.0,2017,17
14,STK,0,0,0.95,0,0.16,1.11,-1.11,85.6,0,0.46,-0.46,206.5,1,0.43,0.57,220.9,475.0,0.0,0.0,2017,17
15,SWA,0,0,0.49,0,0.11,0.6,-0.6,155.0,0,0.5,-0.5,186.0,4,2.68,1.32,34.7,31.0,0.0,0.0,2017,17
16,TOT,2,1,0.7,1,0.82,1.52,0.48,61.8,2,1.01,0.99,93.1,0,0.4,-0.4,235.0,313.3,0.0,0.0,2017,17
17,WAT,1,1,1.23,0,0.0,1.23,-0.23,78.9,1,0.37,0.63,262.2,2,1.15,0.85,84.3,97.0,0.0,0.0,2017,17
18,WBA,0,0,0.05,0,0.32,0.37,-0.37,254.1,0,0.57,-0.57,164.9,0,2.17,-2.17,43.3,235.0,0.0,0.0,2017,17
19,WHU,0,0,0.39,0,0.0,0.39,-0.39,241.0,0,0.8,-0.8,117.5,0,1.01,-1.01,93.1,156.7,0.0,0.0,2017,17
0,ARS,1,1,1.63,0,0.22,1.86,-0.86,51.1,0,2.04,-2.04,46.6,0,0.35,-0.35,271.4,237.5,0.0,0.0,2017,18
1,BOU,0,0,0.65,0,0.0,0.65,-0.65,144.6,0,0.8,-0.8,117.5,4,2.53,1.47,37.2,44.8,0.0,0.0,2017,18
2,BHA,0,0,0.61,0,0.14,1.54,-1.54,61.7,0,0.48,-0.48,197.9,0,1.19,-1.19,79.8,95.0,0.0,0.0,2017,18
3,BUR,0,0,1.1,0,0.09,1.19,-1.19,79.8,0,0.69,-0.69,137.7,0,1.54,-1.54,61.7,inf,0.0,0.0,2017,18
4,CHE,1,0,0.98,1,0.43,1.4,-0.4,67.9,0,0.97,-0.97,97.9,0,0.57,-0.57,166.7,237.5,0.0,0.0,2017,18
5,CRY,3,2,1.71,0,0.0,1.71,1.29,55.6,3,1.05,1.95,90.5,0,0.87,-0.87,109.2,237.5,0.0,0.0,2017,18
6,EVE,3,1,0.36,1,0.08,2.02,0.98,46.5,1,0.26,0.74,361.5,1,0.83,0.17,113.3,94.0,0.0,0.0,2017,18
7,HUD,4,2,1.65,1,1.09,3.52,0.48,27.0,2,0.97,1.03,97.9,1,0.65,0.35,146.2,95.0,0.0,0.0,2017,18
8,LEI,0,0,0.37,0,0.5,0.87,-0.87,109.2,0,0.72,-0.72,131.9,3,1.71,1.29,55.6,45.2,0.0,0.0,2017,18
9,LIV,4,3,2.08,1,0.45,2.53,1.47,37.2,4,2.3,1.7,40.9,0,0.65,-0.65,144.6,313.3,0.0,0.0,2017,18
10,MCI,4,2,2.46,1,0.19,3.44,0.56,27.3,4,1.31,2.69,71.8,1,0.25,0.75,376.0,134.3,0.0,0.0,2017,18
11,MUN,2,2,0.63,0,0.02,0.65,1.35,146.2,2,0.58,1.42,163.8,1,1.13,-0.13,84.1,50.0,0.0,0.0,2017,18
12,NEW,0,0,0.31,0,0.04,0.35,-0.35,271.4,0,0.26,-0.26,365.4,1,1.86,-0.86,51.1,118.8,0.0,0.0,2017,18
13,SOU,0,0,0.47,0,0.1,0.57,-0.57,166.7,0,0.77,-0.77,123.4,1,1.4,-0.4,67.9,86.4,0.0,0.0,2017,18
14,STK,0,0,0.85,0,0.23,1.08,-1.08,87.0,0,1.17,-1.17,80.3,3,3.06,-0.06,30.7,26.9,0.0,0.0,2017,18
15,SWA,1,0,0.18,1,0.66,0.83,0.17,113.3,1,0.38,0.62,247.4,3,2.02,0.98,46.5,28.5,0.0,0.0,2017,18
16,TOT,1,1,0.22,0,0.03,0.25,0.75,376.0,0,0.2,-0.2,470.0,4,3.44,0.56,27.3,27.6,0.0,0.0,2017,18
17,WAT,1,0,0.44,1,0.21,0.65,0.35,146.2,0,0.43,-0.43,220.9,4,3.52,0.48,27.0,27.1,0.0,0.0,2017,18
18,WBA,1,0,0.42,1,0.71,1.13,-0.13,85.0,1,0.39,0.61,246.2,2,0.65,1.35,147.7,87.3,0.0,0.0,2017,18
19,WHU,3,2,2.28,0,0.07,3.06,-0.06,30.7,2,0.9,1.1,104.4,0,1.08,-1.08,87.0,inf,0.0,0.0,2017,18
0,ARS,3,3,1.12,0,0.06,1.18,1.82,80.5,3,1.18,1.82,80.5,3,2.0,1.0,47.5,32.8,0.0,0.0,2017,19
1,BOU,0,0,0.2,0,0.19,0.38,-0.38,247.4,0,0.23,-0.23,408.7,4,1.49,2.51,63.1,44.8,0.0,0.0,2017,19
2,BHA,1,1,0.72,0,0.41,1.13,-0.13,83.2,1,0.99,0.01,94.9,0,1.51,-1.51,62.3,313.3,0.0,0.0,2017,19
3,BUR,0,0,0.15,0,0.08,0.23,-0.23,408.7,0,0.63,-0.63,149.2,3,3.14,-0.14,29.9,31.3,0.0,0.0,2017,19
4,CHE,0,0,1.49,0,0.35,1.83,-1.83,51.9,0,1.08,-1.08,88.0,0,0.32,-0.32,296.9,inf,0.0,0.0,2017,19
5,CRY,1,0,0.44,0,0.07,1.3,-0.3,73.8,0,0.51,-0.51,188.2,1,0.53,0.47,181.1,240.0,0.0,0.0,2017,19
6,EVE,0,0,0.26,0,0.06,0.32,-0.32,296.9,0,0.29,-0.29,327.6,0,1.83,-1.83,51.9,190.0,0.0,0.0,2017,19
7,HUD,1,1,0.85,0,0.22,1.07,-0.07,90.7,1,0.59,0.41,164.4,1,1.36,-0.36,71.3,121.3,0.0,0.0,2017,19
8,LEI,2,1,1.34,0,0.03,1.38,0.62,69.6,2,1.09,0.91,88.1,2,1.92,0.08,50.0,80.0,0.0,0.0,2017,19
9,LIV,3,3,1.95,0,0.04,2.0,1.0,47.5,2,1.01,0.99,94.1,3,1.18,1.82,80.5,95.0,0.0,0.0,2017,19
10,MCI,4,4,1.42,0,0.07,1.49,2.51,63.1,4,1.46,2.54,64.4,0,0.38,-0.38,247.4,940.0,0.0,0.0,2017,19
11,MUN,2,1,1.75,1,0.17,1.92,0.08,50.0,1,1.24,-0.24,77.4,2,1.38,0.62,69.6,53.3,0.0,0.0,2017,19
12,NEW,3,1,1.56,1,0.12,1.68,1.32,57.1,2,0.4,1.6,240.0,2,2.13,-0.13,45.1,36.9,0.0,0.0,2017,19
13,SOU,1,0,0.98,1,0.38,1.36,-0.36,71.3,1,0.96,0.04,101.0,1,1.07,-0.07,90.7,121.3,0.0,0.0,2017,19
14,STK,3,2,1.22,0,0.14,1.36,1.64,70.6,3,1.05,1.95,91.4,1,2.05,-1.05,46.8,45.7,0.0,0.0,2017,19
15,SWA,1,1,0.53,0,0.0,0.53,0.47,181.1,1,0.36,0.64,266.7,1,1.3,-0.3,73.8,64.0,0.0,0.0,2017,19
16,TOT,3,2,2.29,0,0.06,3.14,-0.14,29.9,2,1.07,0.93,87.9,0,0.23,-0.23,408.7,235.0,0.0,0.0,2017,19
17,WAT,0,0,1.18,0,0.33,1.51,-1.51,62.3,0,0.48,-0.48,195.8,1,1.13,-0.13,83.2,235.0,0.0,0.0,2017,19
18,WBA,1,1,1.44,0,0.61,2.05,-1.05,46.8,1,1.98,-0.98,48.5,3,1.36,1.64,70.6,96.0,0.0,0.0,2017,19
19,WHU,2,0,0.66,1,0.68,2.13,-0.13,45.1,0,0.98,-0.98,98.0,3,1.68,1.32,57.1,43.6,0.0,0.0,2017,19
0,ARS,3,1,1.57,2,0.23,1.8,1.2,52.8,2,1.54,0.46,61.7,2,1.26,0.74,75.4,158.3,0.0,0.0,2017,20
1,BOU,3,1,2.17,2,0.78,2.95,0.05,32.9,3,3.04,-0.04,31.9,3,1.71,1.29,56.7,48.5,0.0,0.0,2017,20
2,BHA,0,0,0.25,0,0.26,0.51,-0.51,184.3,0,0.44,-0.44,213.6,2,1.96,0.04,48.0,44.8,0.0,0.0,2017,20
3,BUR,2,0,0.08,2,0.41,0.48,1.52,200.0,1,0.91,0.09,105.5,2,2.09,-0.09,45.9,48.0,0.0,0.0,2017,20
4,CHE,2,1,1.48,1,0.49,1.96,0.04,48.0,2,2.22,-0.22,42.3,0,0.51,-0.51,184.3,inf,0.0,0.0,2017,20
5,CRY,2,1,1.13,1,0.13,1.26,0.74,75.4,2,0.84,1.16,113.1,3,1.8,1.2,52.8,31.7,0.0,0.0,2017,20
6,EVE,0,0,0.36,0,0.1,0.46,-0.46,204.3,0,0.41,-0.41,229.3,0,1.47,-1.47,63.9,156.7,0.0,0.0,2017,20
7,HUD,1,1,1.76,0,0.15,1.91,-0.91,49.7,1,1.24,-0.24,76.6,1,1.75,-0.75,54.3,55.9,0.0,0.0,2017,20
8,LEI,1,1,0.78,0,0.58,1.35,-0.35,69.6,1,0.91,0.09,103.3,2,1.19,0.81,79.0,235.0,0.0,0.0,2017,20
9,LIV,5,4,2.62,1,0.48,3.09,1.91,30.4,3,1.22,1.78,77.0,0,0.39,-0.39,241.0,134.3,0.0,0.0,2017,20
10,MCI,1,1,1.73,0,0.14,1.87,-0.87,50.3,1,1.36,-0.36,69.1,0,0.2,-0.2,470.0,940.0,0.2,0.0,2017,20
11,MUN,2,1,1.73,1,0.36,2.09,-0.09,45.9,1,1.53,-0.53,62.7,2,0.48,1.52,200.0,87.3,0.0,0.0,2017,20
12,NEW,0,0,0.15,0,0.05,0.2,-0.2,470.0,0,0.15,-0.15,626.7,1,1.87,-0.87,50.3,156.7,1.7,0.1,2017,20
13,SOU,2,1,0.59,1,0.18,0.77,1.23,122.1,0,0.51,-0.51,184.3,5,3.02,1.98,31.1,22.9,0.0,0.0,2017,20
14,STK,1,1,0.65,0,1.1,1.75,-0.75,54.3,1,1.16,-0.16,81.9,1,1.91,-0.91,49.7,52.8,0.0,0.0,2017,20
15,SWA,0,0,0.29,0,0.1,0.39,-0.39,241.0,0,0.72,-0.72,130.6,5,3.09,1.91,30.4,26.1,0.0,0.0,2017,20
16,TOT,5,2,2.19,1,0.83,3.02,1.98,31.1,5,2.43,2.57,38.7,2,0.77,1.23,122.1,94.0,0.0,0.0,2017,20
17,WAT,2,0,0.69,2,0.5,1.19,0.81,79.0,0,0.86,-0.86,109.3,1,1.35,-0.35,69.6,72.3,0.0,0.0,2017,20
18,WBA,0,0,0.42,0,1.05,1.47,-1.47,63.9,0,1.09,-1.09,86.2,0,0.46,-0.46,204.3,104.4,0.0,0.0,2017,20
19,WHU,3,2,1.59,1,0.11,1.71,1.29,56.7,1,0.5,0.5,194.0,3,2.95,0.05,32.9,33.4,0.0,0.0,2017,20
0,ARS,1,0,0.67,1,0.27,0.94,0.06,101.1,0,1.2,-1.2,79.2,1,1.51,-0.51,62.9,95.0,0.0,0.0,2017,21
1,BOU,2,2,1.37,0,0.17,1.54,0.46,62.3,2,1.32,0.68,72.7,1,0.53,0.47,181.1,192.0,0.0,0.0,2017,21
2,BHA,0,0,0.2,0,0.27,0.47,-0.47,200.0,0,0.33,-0.33,284.8,0,0.53,-0.53,177.4,134.3,0.0,0.0,2017,21
3,BUR,0,0,0.94,0,0.24,1.18,-1.18,79.7,0,0.62,-0.62,151.6,0,0.08,-0.08,1175.0,940.0,0.0,0.0,2017,21
4,CHE,5,3,1.43,1,0.41,2.63,2.37,35.4,2,1.13,0.87,82.3,0,0.25,-0.25,372.0,310.0,0.0,0.0,2017,21
5,CRY,0,0,0.36,0,0.2,1.35,-1.35,72.6,0,0.56,-0.56,175.0,0,1.28,-1.28,76.6,140.0,0.0,0.0,2017,21
6,EVE,1,1,0.5,0,0.03,0.53,0.47,181.1,1,0.4,0.6,240.0,2,1.54,0.46,62.3,56.5,0.0,0.0,2017,21
7,HUD,0,0,0.04,0,0.04,0.08,-0.08,1175.0,0,0.12,-0.12,783.3,0,1.18,-1.18,79.7,117.5,0.0,0.0,2017,21
8,LEI,1,1,0.64,0,0.04,0.67,0.33,141.8,1,0.68,0.32,139.7,2,2.87,-0.87,33.1,52.8,0.0,0.0,2017,21
9,LIV,2,2,2.74,0,0.13,2.87,-0.87,33.1,2,1.05,0.95,90.5,1,0.67,0.33,141.8,158.3,0.0,0.0,2017,21
10,MCI,0,0,1.01,0,0.27,1.28,-1.28,76.6,0,1.05,-1.05,93.3,0,1.35,-1.35,72.6,108.9,0.0,0.0,2017,21
11,MUN,0,0,1.49,0,0.2,1.69,-1.69,55.6,0,1.24,-1.24,75.8,0,0.57,-0.57,164.9,188.0,0.0,0.0,2017,21
12,NEW,0,0,0.46,0,0.07,0.53,-0.53,177.4,0,0.49,-0.49,191.8,0,0.47,-0.47,200.0,188.0,0.0,0.0,2017,21
13,SOU,0,0,0.39,0,0.18,0.57,-0.57,164.9,0,0.55,-0.55,170.9,0,1.69,-1.69,55.6,313.3,0.0,0.0,2017,21
14,STK,0,0,0.25,0,0.0,0.25,-0.25,372.0,0,0.23,-0.23,404.3,5,2.63,2.37,35.4,21.1,0.0,0.0,2017,21
15,SWA,2,1,0.87,1,0.28,1.15,0.85,82.6,1,0.69,0.31,137.7,1,1.23,-0.23,77.2,63.3,0.0,0.0,2017,21
16,WAT,1,1,1.23,0,0.0,1.23,-0.23,77.2,0,0.69,-0.69,137.7,2,1.15,0.85,82.6,52.8,0.0,0.0,2017,21
17,WBA,1,0,0.37,0,0.35,1.51,-0.51,62.9,0,0.62,-0.62,153.2,1,0.94,0.06,101.1,135.7,0.0,0.0,2017,21
0,ARS,2,1,1.0,1,0.15,1.15,0.85,82.6,0,1.38,-1.38,68.8,2,3.05,-1.05,31.1,47.5,0.0,0.0,2017,22
1,BOU,2,0,0.75,2,0.74,1.49,0.51,63.1,2,1.22,0.78,77.0,2,2.39,-0.39,39.3,31.3,0.0,0.0,2017,22
2,BHA,2,2,2.27,0,0.12,2.39,-0.39,39.3,2,1.07,0.93,87.9,2,1.49,0.51,63.1,72.3,0.0,0.0,2017,22
3,BUR,1,1,1.08,0,0.24,1.32,-0.32,72.7,1,0.59,0.41,162.7,2,1.68,0.32,57.1,50.5,0.0,0.0,2017,22
4,CHE,2,1,1.97,0,0.29,3.05,-1.05,31.1,1,1.51,-0.51,62.9,2,1.15,0.85,82.6,47.5,0.0,0.0,2017,22
5,CRY,2,1,0.83,1,0.5,1.33,0.67,70.7,2,0.84,1.16,111.9,1,0.45,0.55,208.9,117.5,0.0,0.0,2017,22
6,EVE,0,0,0.69,0,0.59,1.28,-1.28,73.4,0,0.83,-0.83,113.3,2,1.37,0.63,68.6,47.0,0.0,0.0,2017,22
7,HUD,0,0,0.24,0,0.07,0.24,-0.24,391.7,0,0.36,-0.36,261.1,3,1.46,1.54,64.4,52.2,0.0,0.0,2017,22
8,LEI,3,2,1.21,0,0.24,1.46,1.54,64.4,2,0.6,1.4,156.7,0,0.24,-0.24,391.7,470.0,0.0,0.0,2017,22
9,LIV,2,1,0.53,1,1.15,1.68,0.32,57.1,1,1.1,-0.1,87.3,1,1.32,-0.32,72.7,56.5,0.0,0.0,2017,22
10,MCI,3,2,1.23,1,0.91,2.13,0.87,44.6,1,1.36,-0.36,69.9,1,0.99,0.01,96.0,63.3,0.0,0.0,2017,22
11,MUN,2,2,1.3,0,0.07,1.37,0.63,68.6,2,1.23,0.77,76.4,0,1.28,-1.28,73.4,inf,0.0,0.0,2017,22
12,NEW,1,1,1.13,0,0.57,1.7,-0.7,55.9,1,0.57,0.43,166.7,0,1.48,-1.48,64.2,86.4,0.0,0.0,2017,22
13,SOU,1,1,0.41,0,0.04,0.45,0.55,208.9,1,0.63,0.37,149.2,2,1.33,0.67,70.7,62.7,0.0,0.0,2017,22
14,STK,0,0,0.98,0,0.51,1.48,-1.48,64.2,0,1.09,-1.09,87.2,1,1.7,-0.7,55.9,118.8,0.0,0.0,2017,22
15,SWA,0,0,0.23,0,0.2,0.44,-0.44,213.6,0,0.16,-0.16,587.5,2,1.35,0.65,69.6,67.1,0.0,0.0,2017,22
16,TOT,3,1,2.44,1,0.73,3.16,-0.16,59.8,2,3.13,-1.13,60.4,1,0.97,0.03,194.8,210.0,0.0,0.0,2017,22
17,WAT,1,1,0.94,0,0.05,0.99,0.01,96.0,1,0.74,0.26,128.4,3,2.13,0.87,44.6,39.6,0.0,0.0,2017,22
18,WBA,1,0,0.71,0,0.26,0.97,0.03,99.0,1,0.48,0.52,200.0,2,1.32,0.68,72.7,73.8,0.0,0.0,2017,22
19,WHU,3,3,1.72,0,0.17,1.86,1.14,102.7,3,1.51,1.49,126.5,2,2.79,-0.79,68.5,76.4,0.0,0.0,2017,22
0,ARS,1,1,0.92,0,0.14,1.06,-0.06,89.6,1,0.54,0.46,175.9,2,0.82,1.18,115.9,316.7,0.0,0.0,2017,23
1,BOU,2,2,0.68,0,0.14,0.82,1.18,115.9,2,0.83,1.17,114.5,1,1.06,-0.06,89.6,118.8,0.0,0.0,2017,23
2,BHA,0,0,0.33,0,0.23,0.56,-0.56,171.4,0,0.57,-0.57,168.4,2,0.97,1.03,99.0,120.0,0.0,0.0,2017,23
3,BUR,0,0,0.51,0,0.15,0.66,-0.66,143.9,0,0.99,-0.99,96.0,1,1.4,-0.4,67.9,73.1,0.0,0.0,2017,23
4,CHE,0,0,0.51,0,0.13,0.64,-0.64,148.4,0,0.58,-0.58,163.8,0,1.21,-1.21,78.5,950.0,0.0,0.0,2017,23
5,CRY,1,1,0.89,0,0.51,1.4,-0.4,67.9,1,0.55,0.45,172.7,0,0.66,-0.66,143.9,475.0,0.0,0.0,2017,23
6,EVE,0,0,0.19,0,0.13,0.32,-0.32,290.6,0,0.34,-0.34,273.5,4,3.93,0.07,23.7,20.7,0.0,0.0,2017,23
7,HUD,1,1,0.42,0,0.27,0.69,0.31,134.8,1,0.52,0.48,178.8,4,0.92,3.08,101.1,58.1,0.0,0.0,2017,23
8,LEI,0,0,1.04,0,0.17,1.21,-1.21,78.5,0,1.38,-1.38,68.8,0,0.64,-0.64,148.4,59.4,0.0,0.0,2017,23
9,LIV,4,3,0.67,0,0.09,0.76,3.24,125.0,3,0.6,2.4,158.3,3,0.81,2.19,117.3,59.4,0.0,0.0,2017,23
10,MCI,3,3,0.76,0,0.06,0.81,2.19,117.3,2,0.63,1.37,150.8,4,0.76,3.24,125.0,45.2,0.0,0.0,2017,23
11,MUN,3,3,1.3,0,0.23,1.53,1.47,60.8,3,1.34,1.66,69.4,0,1.34,-1.34,69.4,103.3,0.0,0.0,2017,23
12,NEW,1,0,1.28,0,0.17,1.45,-0.45,65.5,0,0.97,-0.97,97.9,1,1.33,-0.33,71.4,73.1,0.0,0.0,2017,23
13,SOU,2,1,0.82,0,0.09,0.9,1.1,106.7,1,1.09,-0.09,88.1,2,2.02,-0.02,47.5,50.5,0.0,0.0,2017,23
14,STK,0,0,1.28,0,0.05,1.34,-1.34,69.4,0,0.52,-0.52,178.8,3,1.53,1.47,60.8,34.4,0.0,0.0,2017,23
15,SWA,1,1,0.91,0,0.42,1.33,-0.33,71.4,0,0.86,-0.86,110.5,1,1.45,-0.45,65.5,63.3,0.0,0.0,2017,23
16,TOT,4,4,3.86,0,0.07,3.93,0.07,23.7,4,0.91,3.09,102.2,0,0.32,-0.32,290.6,inf,0.0,0.0,2017,23
17,WAT,2,2,1.69,0,0.32,2.02,-0.02,47.5,1,1.37,-0.37,70.1,2,0.9,1.1,106.7,120.0,0.0,0.0,2017,23
18,WBA,2,0,0.39,2,0.58,0.97,1.03,99.0,2,0.83,1.17,115.7,0,0.56,-0.56,171.4,inf,0.0,0.0,2017,23
19,WHU,4,3,0.6,0,0.32,0.92,3.08,101.1,3,0.47,2.53,197.9,1,0.69,0.31,134.8,132.9,0.0,0.0,2017,23
0,ARS,4,2,1.98,2,0.98,2.96,1.04,31.8,4,2.74,1.26,34.3,1,0.62,0.38,151.6,85.5,0.0,0.0,2017,24
1,BOU,1,1,0.4,0,0.1,0.5,0.5,194.0,1,0.27,0.73,359.3,1,0.8,0.2,121.3,107.8,0.0,0.0,2017,24
2,BHA,0,0,0.67,0,0.15,0.82,-0.82,114.6,0,1.03,-1.03,91.3,4,1.3,2.7,72.3,37.6,0.0,0.0,2017,24
3,BUR,0,0,0.25,0,0.72,0.97,-0.97,100.0,0,0.87,-0.87,111.5,1,0.83,0.17,116.9,242.5,0.0,0.0,2017,24
4,CHE,4,4,1.13,0,0.17,1.3,2.7,72.3,3,0.92,2.08,102.2,0,0.82,-0.82,114.6,313.3,0.0,0.0,2017,24
5,CRY,1,0,0.28,1,0.34,0.62,0.38,153.2,1,0.76,0.24,125.0,4,2.96,1.04,32.1,23.8,0.0,0.0,2017,24
6,EVE,1,1,0.72,0,0.36,1.08,-0.08,90.7,1,0.76,0.24,128.9,1,1.12,-0.12,87.5,61.3,0.0,0.0,2017,24
7,HUD,0,0,0.13,0,0.13,0.25,-0.25,380.0,0,0.21,-0.21,452.4,2,1.0,1.0,95.0,50.0,0.0,0.0,2017,24
8,LEI,2,0,0.47,0,0.67,1.93,0.07,48.7,1,0.98,0.02,95.9,0,0.87,-0.87,108.0,117.5,0.0,0.0,2017,24
9,LIV,0,0,2.31,0,0.21,2.52,-2.52,37.7,0,2.5,-2.5,38.0,1,0.16,0.84,593.8,158.3,0.0,0.0,2017,24
10,MCI,3,2,1.15,0,0.26,2.2,0.8,42.7,2,1.69,0.31,55.6,1,1.03,-0.03,91.3,117.5,0.0,0.0,2017,24
11,MUN,1,1,0.83,0,0.0,0.83,0.17,116.9,1,0.64,0.36,151.6,0,0.97,-0.97,100.0,194.0,0.0,0.0,2017,24
12,NEW,1,0,0.94,0,0.09,1.03,-0.03,91.3,1,0.38,0.62,247.4,3,2.2,0.8,42.7,33.6,0.0,0.0,2017,24
13,SOU,1,1,0.67,0,0.12,0.79,0.21,121.5,0,0.61,-0.61,157.4,1,1.19,-0.19,80.7,480.0,0.0,0.0,2017,24
14,STK,2,2,0.94,0,0.06,1.0,1.0,95.0,2,0.34,1.66,279.4,0,0.25,-0.25,380.0,475.0,0.0,0.0,2017,24
15,SWA,1,0,0.05,1,0.11,0.16,0.84,593.8,1,0.33,0.67,287.9,0,2.52,-2.52,37.7,95.0,0.0,0.0,2017,24
16,TOT,1,0,0.87,1,0.32,1.19,-0.19,80.7,1,1.35,-0.35,71.1,1,0.79,0.21,121.5,192.0,0.0,0.0,2017,24
17,WAT,0,0,0.65,0,0.22,0.87,-0.87,108.0,0,0.57,-0.57,164.9,2,1.93,0.07,48.7,67.1,0.0,0.0,2017,24
18,WBA,1,1,1.04,0,0.08,1.12,-0.12,87.5,1,0.53,0.47,184.9,1,1.08,-0.08,90.7,81.7,0.0,0.0,2017,24
19,WHU,1,1,0.76,0,0.04,0.8,0.2,121.3,0,0.59,-0.59,164.4,1,0.5,0.5,194.0,194.0,0.0,0.0,2017,24
0,ARS,1,1,1.19,0,0.07,1.26,-0.26,74.6,1,1.73,-0.73,54.3,3,2.11,0.89,44.5,33.6,0.0,0.0,2017,25
1,BOU,3,2,0.89,1,0.24,1.13,1.87,84.1,2,0.46,1.54,206.5,0,1.23,-1.23,77.2,158.3,0.0,0.0,2017,25
2,BHA,1,0,0.29,0,0.02,1.1,-0.1,85.5,0,0.31,-0.31,303.2,1,1.48,-0.48,63.5,67.1,0.0,0.0,2017,25
3,BUR,1,0,0.39,1,0.76,1.15,-0.15,82.6,1,0.57,0.43,166.7,1,2.25,-1.25,42.2,47.5,0.0,0.0,2017,25
4,CHE,0,0,0.85,0,0.38,1.23,-1.23,77.2,0,1.31,-1.31,72.5,3,1.13,1.87,84.1,73.1,0.0,0.0,2017,25
5,CRY,1,1,0.79,0,0.09,0.89,0.11,105.6,1,0.94,0.06,100.0,1,1.15,-0.15,81.7,67.1,0.0,0.0,2017,25
6,EVE,2,1,0.91,1,0.31,1.22,0.78,77.9,2,0.72,1.28,131.9,1,2.17,-1.17,43.8,95.0,0.0,0.0,2017,25
7,HUD,0,0,0.14,0,0.21,0.35,-0.35,268.6,0,0.17,-0.17,552.9,3,1.88,1.12,50.0,42.7,0.0,0.0,2017,25
8,LEI,1,0,0.39,0,0.99,2.17,-1.17,43.8,0,0.99,-0.99,96.0,2,1.22,0.78,77.9,50.0,0.0,0.0,2017,25
9,LIV,3,2,1.09,0,0.0,1.88,1.12,50.0,1,0.86,0.14,109.3,0,0.35,-0.35,268.6,940.0,0.0,0.0,2017,25
10,MCI,3,2,2.19,0,0.16,2.35,0.65,40.4,3,1.73,1.27,54.9,0,0.16,-0.16,593.8,950.0,0.0,0.0,2017,25
11,MUN,0,0,0.83,0,0.21,1.04,-1.04,90.4,0,0.43,-0.43,218.6,2,1.53,0.47,61.4,67.1,0.0,0.0,2017,25
12,NEW,1,0,0.89,1,0.57,2.25,-1.25,42.2,1,0.77,0.23,123.4,1,1.15,-0.15,82.6,158.3,0.0,0.0,2017,25
13,SOU,1,0,0.42,1,1.05,1.48,-0.48,63.5,0,1.12,-1.12,83.9,1,1.1,-0.1,85.5,94.0,0.0,0.0,2017,25
14,STK,0,0,0.75,0,0.19,0.94,-0.94,101.1,0,0.69,-0.69,137.7,0,0.67,-0.67,141.8,158.3,0.0,0.0,2017,25
15,SWA,3,3,2.07,0,0.04,2.11,0.89,44.5,1,0.5,0.5,188.0,1,1.26,-0.26,74.6,58.8,0.0,0.0,2017,25
16,TOT,2,2,1.16,0,0.36,1.53,0.47,61.4,0,1.03,-1.03,91.3,0,1.04,-1.04,90.4,78.3,0.0,0.0,2017,25
17,WAT,0,0,0.52,0,0.15,0.67,-0.67,141.8,0,0.62,-0.62,153.2,0,0.94,-0.94,101.1,190.0,0.0,0.0,2017,25
18,WBA,0,0,0.16,0,0.0,0.16,-0.16,593.8,0,0.05,-0.05,1900.0,3,2.35,0.65,40.4,25.7,0.0,0.0,2017,25
19,WHU,1,0,0.3,0,0.07,1.15,-0.15,81.7,0,0.73,-0.73,128.8,1,0.89,0.11,105.6,104.4,0.0,0.0,2017,25
0,ARS,5,4,1.8,1,0.93,2.74,2.26,33.9,5,2.34,2.66,39.7,1,1.23,-0.23,75.6,232.5,0.0,0.0,2017,26
1,BOU,2,1,1.26,1,0.45,1.71,0.29,55.6,1,0.99,0.01,96.0,1,0.75,0.25,126.7,190.0,0.0,0.0,2017,26
2,BHA,3,2,1.54,1,0.18,1.73,1.27,54.9,2,0.94,1.06,101.1,1,0.42,0.58,226.2,190.0,0.0,0.0,2017,26
3,BUR,1,1,0.56,0,0.35,0.91,0.09,103.3,1,0.61,0.39,154.1,1,1.86,-0.86,50.5,67.1,0.0,0.0,2017,26
4,CHE,1,1,0.74,0,0.0,0.74,0.26,131.1,0,0.48,-0.48,202.1,4,2.29,1.71,42.4,24.9,0.0,0.0,2017,26
5,CRY,1,0,2.16,0,0.09,3.04,-2.04,31.3,0,1.37,-1.37,69.3,1,0.92,0.08,103.3,63.3,0.0,0.0,2017,26
6,EVE,1,1,1.05,0,0.18,1.23,-0.23,75.6,1,1.41,-0.41,66.0,5,2.74,2.26,33.9,25.1,0.0,0.0,2017,26
7,HUD,0,0,0.06,0,0.12,0.18,-0.18,522.2,0,0.32,-0.32,293.8,2,1.56,0.44,60.3,52.2,0.0,0.0,2017,26
8,LEI,1,1,1.36,0,0.34,1.7,-0.7,55.9,1,0.94,0.06,101.1,1,0.29,0.71,327.6,475.0,0.0,0.0,2017,26
9,LIV,2,2,0.92,0,0.29,1.21,0.79,79.3,0,0.4,-0.4,240.0,2,2.62,-0.62,36.6,31.0,0.0,0.0,2017,26
10,MCI,1,0,1.42,1,0.45,1.86,-0.86,50.5,1,1.62,-0.62,58.0,1,0.91,0.09,103.3,67.1,0.0,0.0,2017,26
11,MUN,2,1,0.58,1,0.19,1.56,0.44,60.3,1,1.26,-0.26,74.6,0,0.18,-0.18,522.2,inf,0.0,0.0,2017,26
12,NEW,1,0,0.39,1,0.53,0.92,0.08,103.3,1,0.37,0.63,256.8,1,3.04,-2.04,31.3,43.2,0.0,0.0,2017,26
13,SOU,3,0,0.63,3,0.31,0.95,2.05,102.1,2,1.02,0.98,95.1,2,0.78,1.22,124.4,97.0,0.0,0.0,2017,26
14,STK,1,1,0.41,0,0.34,0.75,0.25,126.7,1,0.57,0.43,166.7,2,1.71,0.29,55.6,50.0,0.0,0.0,2017,26
15,SWA,1,0,0.1,1,0.19,0.29,0.71,327.6,1,0.24,0.76,395.8,1,1.7,-0.7,55.9,95.0,0.0,0.0,2017,26
16,TOT,2,1,0.49,0,0.55,2.62,-0.62,36.6,0,0.65,-0.65,147.7,2,1.21,0.79,79.3,50.5,0.0,0.0,2017,26
17,WAT,4,2,1.38,0,0.12,2.29,1.71,42.4,3,1.03,1.97,94.2,1,0.74,0.26,131.1,64.7,0.0,0.0,2017,26
18,WBA,2,0,0.15,2,0.62,0.78,1.22,123.1,2,0.75,1.25,128.0,3,0.95,2.05,101.1,53.3,0.0,0.0,2017,26
19,WHU,1,1,0.42,0,0.0,0.42,0.58,226.2,1,0.43,0.57,220.9,3,1.73,1.27,54.9,43.2,0.0,0.0,2017,26
0,ARS,0,0,0.49,0,0.09,0.57,-0.57,166.7,0,0.45,-0.45,211.1,1,2.62,-1.62,36.3,52.8,0.0,0.0,2017,27
1,BOU,1,1,0.17,0,0.14,0.31,0.69,309.7,1,0.22,0.78,436.4,4,2.19,1.81,43.8,45.7,0.0,0.0,2017,27
2,BHA,1,1,0.76,0,0.37,1.13,-0.13,83.2,1,0.88,0.12,106.8,1,1.43,-0.43,65.7,67.1,0.0,0.0,2017,27
3,BUR,0,0,0.3,0,0.22,0.53,-0.53,179.2,0,0.29,-0.29,327.6,1,0.74,0.26,128.4,86.4,0.0,0.0,2017,27
4,CHE,3,3,1.48,0,0.46,1.94,1.06,47.9,2,1.24,0.76,75.0,0,0.78,-0.78,119.2,116.3,0.0,0.0,2017,27
5,CRY,1,0,0.62,0,0.35,1.76,-0.76,53.4,0,1.12,-1.12,83.9,3,1.49,1.51,63.1,33.6,0.0,0.0,2017,27
6,EVE,3,3,1.27,0,0.22,1.49,1.51,63.1,2,1.2,0.8,78.3,1,1.76,-0.76,53.4,49.5,0.0,0.0,2017,27
7,HUD,4,2,1.03,1,0.37,2.19,1.81,43.8,2,1.03,0.97,93.2,1,0.31,0.69,309.7,160.0,0.0,0.0,2017,27
8,LEI,1,1,0.12,0,0.0,0.12,0.88,783.3,0,0.25,-0.25,376.0,5,2.51,2.49,37.5,32.4,0.0,0.0,2017,27
9,LIV,2,2,1.86,0,0.0,1.86,0.14,51.1,2,1.23,0.77,77.2,0,0.92,-0.92,103.3,158.3,0.0,0.0,2017,27
10,MCI,5,5,2.45,0,0.06,2.51,2.49,37.5,4,1.82,2.18,51.6,1,0.12,0.88,783.3,313.3,0.0,0.0,2017,27
11,MUN,0,0,1.63,0,0.32,1.95,-1.95,48.7,0,1.68,-1.68,56.5,1,0.47,0.53,202.1,105.6,0.0,0.0,2017,27
12,NEW,1,0,0.19,1,0.29,0.47,0.53,202.1,1,0.4,0.6,237.5,0,1.95,-1.95,48.7,95.0,0.0,0.0,2017,27
13,SOU,0,0,0.59,0,0.33,0.92,-0.92,103.3,0,0.8,-0.8,118.8,2,1.86,0.14,51.1,47.5,0.0,0.0,2017,27
14,STK,1,1,0.31,0,0.33,1.43,-0.43,65.7,1,0.49,0.51,191.8,1,1.13,-0.13,83.2,78.3,0.0,0.0,2017,27
15,SWA,1,1,0.66,0,0.07,0.74,0.26,128.4,1,0.92,0.08,103.3,0,0.53,-0.53,179.2,475.0,0.0,0.0,2017,27
16,TOT,1,1,2.08,0,0.54,2.62,-1.62,36.3,1,1.27,-0.27,74.8,0,0.57,-0.57,166.7,237.5,0.0,0.0,2017,27
17,WAT,0,0,0.18,0,0.39,0.57,-0.57,164.9,0,1.06,-1.06,88.7,2,1.53,0.47,61.4,49.5,0.0,0.0,2017,27
18,WBA,0,0,0.56,0,0.22,0.78,-0.78,119.2,0,0.87,-0.87,106.9,3,1.94,1.06,47.9,40.4,0.0,0.0,2017,27
19,WHU,2,1,0.69,1,0.84,1.53,0.47,61.4,2,0.48,1.52,195.8,0,0.57,-0.57,164.9,235.0,0.0,0.0,2017,27
0,ARS,0,0,0.41,0,0.13,1.33,-1.33,69.9,0,0.75,-0.75,124.0,3,1.53,1.47,60.8,30.0,0.0,0.0,2017,28
1,BOU,2,2,1.32,0,0.41,1.73,0.27,55.5,2,1.39,0.61,69.1,2,3.08,-1.08,31.2,34.3,0.0,0.0,2017,28
2,BHA,4,3,2.23,0,0.1,3.12,0.88,30.1,3,1.0,2.0,94.0,1,0.56,0.44,167.9,470.0,0.0,0.0,2017,28
3,BUR,1,1,1.16,0,0.1,1.26,-0.26,74.6,1,0.64,0.36,146.9,1,0.77,0.23,122.1,85.5,0.0,0.0,2017,28
4,CHE,1,0,1.45,0,0.27,1.72,-0.72,55.8,1,1.26,-0.26,76.2,2,1.16,0.84,82.8,45.7,0.0,0.0,2017,28
5,CRY,0,0,0.14,0,0.08,0.22,-0.22,431.8,0,0.19,-0.19,500.0,1,1.65,-0.65,57.6,67.9,0.0,0.0,2017,28
6,EVE,0,0,0.16,0,0.62,0.78,-0.78,120.5,0,0.67,-0.67,140.3,1,0.56,0.44,167.9,72.3,0.0,0.0,2017,28
7,HUD,2,2,0.98,0,0.16,1.14,0.86,83.3,2,0.64,1.36,148.4,1,1.19,-0.19,79.8,95.0,0.0,0.0,2017,28
8,LEI,1,1,0.61,0,0.85,1.45,-0.45,65.5,0,0.49,-0.49,193.9,1,0.2,0.8,475.0,135.7,0.0,0.0,2017,28
9,LIV,4,3,3.63,1,0.41,4.04,-0.04,23.3,4,3.03,0.97,31.0,1,0.38,0.62,247.4,104.4,0.0,0.0,2017,28
10,MCI,3,3,1.51,0,0.02,1.53,1.47,60.8,3,1.03,1.97,90.3,0,1.33,-1.33,69.9,66.4,0.0,0.0,2017,28
11,MUN,2,2,1.01,0,0.15,1.16,0.84,82.8,2,0.87,1.13,110.3,1,1.72,-0.72,55.8,64.0,0.0,0.0,2017,28
12,NEW,2,1,1.85,1,1.23,3.08,-1.08,31.2,1,1.4,-0.4,68.6,2,1.73,0.27,55.5,43.6,0.0,0.0,2017,28
13,SOU,1,1,0.63,0,0.14,0.77,0.23,122.1,1,0.43,0.57,218.6,1,1.26,-0.26,74.6,85.5,0.0,0.0,2017,28
14,STK,1,1,0.14,0,0.06,0.2,0.8,475.0,1,0.1,0.9,950.0,1,1.45,-0.45,65.5,47.5,0.0,0.0,2017,28
15,SWA,1,1,0.41,0,0.15,0.56,0.44,167.9,0,0.68,-0.68,138.2,4,3.12,0.88,30.1,31.3,0.0,0.0,2017,28
16,TOT,1,0,1.31,1,0.35,1.65,-0.65,57.6,1,1.68,-0.68,56.5,0,0.22,-0.22,431.8,475.0,0.0,0.0,2017,28
17,WAT,1,1,0.35,0,0.21,0.56,0.44,167.9,1,0.53,0.47,177.4,0,0.78,-0.78,120.5,188.0,0.0,0.0,2017,28
18,WBA,1,0,0.38,1,0.81,1.19,-0.19,79.8,1,0.89,0.11,106.7,2,1.14,0.86,83.3,50.0,0.0,0.0,2017,28
19,WHU,1,0,0.28,0,0.1,0.38,0.62,247.4,1,0.53,0.47,177.4,4,4.04,-0.04,23.3,22.9,0.0,0.0,2017,28
0,ARS,1,1,1.02,0,0.2,1.22,-0.22,80.3,1,1.6,-0.6,61.3,2,1.16,0.84,84.5,108.9,0.0,0.0,2017,29
1,BOU,1,0,0.59,0,0.07,1.37,-0.37,71.5,0,0.42,-0.42,233.3,1,2.91,-1.91,33.7,108.9,0.0,0.0,2017,29
2,BHA,2,1,0.59,1,0.57,1.16,0.84,84.5,2,1.18,0.82,83.1,1,1.22,-0.22,80.3,89.1,0.0,0.0,2017,29
3,BUR,2,1,1.3,1,0.8,2.1,-0.1,44.8,2,1.47,0.53,63.9,1,1.53,-0.53,61.4,67.1,0.0,0.0,2017,29
4,CHE,0,0,0.08,0,0.05,0.13,-0.13,730.8,0,0.08,-0.08,1187.5,1,0.87,0.13,109.2,135.7,0.0,0.0,2017,29
5,CRY,2,1,0.43,1,0.12,0.56,1.44,167.9,2,0.66,1.34,142.4,3,1.17,1.83,80.3,85.5,0.0,0.0,2017,29
6,EVE,1,1,1.52,0,0.02,1.53,-0.53,61.4,1,0.65,0.35,144.6,2,2.1,-0.1,44.8,44.8,0.0,0.0,2017,29
7,HUD,0,0,0.12,0,0.0,0.12,-0.12,783.3,0,0.28,-0.28,335.7,2,1.56,0.44,60.3,58.8,0.0,0.0,2017,29
8,LEI,1,0,0.98,1,1.93,2.91,-1.91,33.7,0,1.35,-1.35,72.6,1,1.37,-0.37,71.5,81.7,0.0,0.0,2017,29
9,LIV,2,2,1.07,0,0.44,1.51,0.49,62.9,2,0.94,1.06,101.1,0,0.31,-0.31,306.5,158.3,0.0,0.0,2017,29
10,MCI,1,1,0.79,0,0.09,0.87,0.13,109.2,1,0.77,0.23,123.4,0,0.13,-0.13,730.8,inf,0.0,0.0,2017,29
11,MUN,3,2,1.0,1,0.17,1.17,1.83,80.3,1,2.08,-1.08,45.2,2,0.56,1.44,167.9,85.5,0.0,0.0,2017,29
12,NEW,0,0,0.17,0,0.14,0.31,-0.31,303.2,0,0.23,-0.23,408.7,2,1.51,0.49,62.3,94.0,0.0,0.0,2017,29
13,SOU,0,0,0.73,0,0.21,0.95,-0.95,97.9,0,1.0,-1.0,93.0,0,0.77,-0.77,120.8,84.5,0.0,0.0,2017,29
14,STK,0,0,0.73,0,0.04,0.77,-0.77,120.8,0,0.6,-0.6,155.0,0,0.95,-0.95,97.9,103.3,0.0,0.0,2017,29
15,SWA,4,1,0.12,2,0.84,1.75,2.25,53.7,2,0.56,1.44,167.9,1,0.42,0.58,223.8,188.0,0.0,0.0,2017,29
16,TOT,2,1,1.42,0,0.15,1.56,0.44,60.3,2,0.98,1.02,95.9,0,0.12,-0.12,783.3,188.0,0.0,0.0,2017,29
17,WAT,1,1,0.98,0,0.31,1.29,-0.29,75.2,1,0.74,0.26,131.1,0,1.07,-1.07,90.7,194.0,0.0,0.0,2017,29
18,WBA,0,0,1.02,0,0.06,1.07,-1.07,90.7,0,0.91,-0.91,106.6,1,1.29,-0.29,75.2,60.6,0.0,0.0,2017,29
19,WHU,1,0,0.28,1,0.15,0.42,0.58,223.8,1,0.26,0.74,361.5,4,1.75,2.25,53.7,36.2,0.0,0.0,2017,29
0,ARS,3,2,2.1,1,0.11,2.21,0.79,42.5,3,1.14,1.86,82.5,0,1.43,-1.43,65.7,52.2,0.0,0.0,2017,30
1,BOU,1,1,0.93,0,0.26,1.2,-0.2,80.0,1,0.62,0.38,154.8,4,2.41,1.59,39.8,30.0,0.0,0.0,2017,30
2,BHA,0,0,0.22,0,0.12,0.34,-0.34,279.4,0,0.2,-0.2,475.0,2,1.5,0.5,63.3,63.3,0.0,0.0,2017,30
3,BUR,3,3,1.31,0,0.05,1.36,1.64,67.6,2,1.01,0.99,91.1,0,0.77,-0.77,119.5,153.3,0.0,0.0,2017,30
4,CHE,2,2,2.86,0,0.34,3.2,-1.2,29.4,1,2.42,-1.42,38.8,1,1.06,-0.06,88.7,235.0,0.0,0.0,2017,30
5,CRY,1,1,0.76,0,0.3,1.06,-0.06,88.7,1,0.86,0.14,109.3,2,3.2,-1.2,29.4,47.0,0.0,0.0,2017,30
6,EVE,2,2,0.3,0,0.41,1.5,0.5,63.3,1,0.58,0.42,163.8,0,0.34,-0.34,279.4,158.3,0.0,0.0,2017,30
7,HUD,0,0,1.01,0,0.41,1.43,-1.43,66.4,0,1.36,-1.36,69.9,0,0.0,0.0,inf,inf,0.0,0.0,2017,30
8,LEI,4,3,1.66,1,0.46,2.12,1.88,44.8,4,1.98,2.02,48.0,1,0.32,0.68,296.9,316.7,0.0,0.0,2017,30
9,LIV,1,1,0.21,0,0.53,0.73,0.27,132.9,0,1.18,-1.18,82.2,2,0.77,1.23,126.0,242.5,0.0,0.0,2017,30
10,MCI,2,2,1.49,0,0.12,1.6,0.4,60.0,2,0.8,1.2,120.0,0,0.4,-0.4,240.0,inf,0.0,0.0,2017,30
11,MUN,2,2,0.49,0,0.28,0.77,1.23,126.0,1,0.54,0.46,179.6,1,0.73,0.27,132.9,970.0,0.0,0.0,2017,30
12,NEW,3,2,1.23,0,0.05,1.28,1.72,73.4,3,0.92,2.08,102.2,0,0.34,-0.34,276.5,940.0,0.0,0.0,2017,30
13,SOU,0,0,0.21,0,0.13,0.34,-0.34,276.5,0,0.5,-0.5,188.0,3,1.28,1.72,73.4,32.4,0.0,0.0,2017,30
14,STK,0,0,0.09,0,0.3,0.4,-0.4,240.0,0,0.4,-0.4,240.0,2,1.6,0.4,60.0,45.7,0.0,0.0,2017,30
15,SWA,0,0,0.0,0,0.0,0.0,0.0,inf,0,0.08,-0.08,1187.5,0,1.43,-1.43,66.4,190.0,0.0,0.0,2017,30
16,TOT,4,3,2.34,0,0.07,2.41,1.59,39.8,3,1.05,1.95,91.4,1,1.2,-0.2,80.0,80.0,0.0,0.0,2017,30
17,WAT,0,0,0.35,0,0.29,1.43,-1.43,65.7,0,0.67,-0.67,140.3,3,2.21,0.79,42.5,42.7,0.0,0.0,2017,30
18,WBA,1,1,0.3,0,0.02,0.32,0.68,296.9,1,0.39,0.61,243.6,4,2.12,1.88,44.8,35.2,0.0,0.0,2017,30
19,WHU,0,0,0.7,0,0.08,0.77,-0.77,119.5,0,1.06,-1.06,86.8,3,1.36,1.64,67.6,41.8,0.0,0.0,2017,30
0,BOU,2,1,0.38,1,0.34,0.72,1.28,136.1,1,0.48,0.52,204.2,1,1.59,-0.59,61.6,65.3,0.0,0.0,2017,31
1,CRY,2,0,0.48,1,1.38,2.65,-0.65,35.8,0,0.78,-0.78,121.8,0,0.3,-0.3,316.7,316.7,0.0,0.0,2017,31
2,EVE,2,2,1.79,0,0.55,2.35,-0.35,40.4,2,1.06,0.94,89.6,1,0.81,0.19,117.3,86.4,0.0,0.0,2017,31
3,HUD,0,0,0.16,0,0.14,0.3,-0.3,316.7,0,0.22,-0.22,431.8,2,2.65,-0.65,35.8,39.6,0.0,0.0,2017,31
4,LIV,5,5,2.3,0,0.02,2.32,2.68,40.1,4,1.98,2.02,47.0,0,0.36,-0.36,258.3,310.0,0.0,0.0,2017,31
5,STK,1,0,0.39,1,0.42,0.81,0.19,117.3,1,0.67,0.33,141.8,2,2.35,-0.35,40.4,38.0,0.0,0.0,2017,31
6,WAT,0,0,0.29,0,0.07,0.36,-0.36,258.3,0,0.31,-0.31,300.0,5,2.32,2.68,40.1,23.3,0.0,0.0,2017,31
7,WBA,1,1,1.59,0,0.0,1.59,-0.59,61.6,1,1.55,-0.55,63.2,2,0.72,1.28,136.1,75.4,0.0,0.0,2017,31
0,ARS,3,0,1.11,1,1.03,3.72,-0.72,25.5,0,1.6,-1.6,59.4,0,0.45,-0.45,211.1,950.0,0.0,0.0,2017,32
1,BOU,2,0,0.33,1,0.63,1.75,0.25,54.3,1,0.9,0.1,105.6,2,0.73,1.27,130.1,158.3,0.0,0.0,2017,32
2,BHA,0,0,0.76,0,0.23,1.77,-1.77,54.8,0,0.61,-0.61,159.0,2,1.22,0.78,79.5,57.1,0.0,0.0,2017,32
3,BUR,2,2,1.17,0,0.12,1.29,0.71,75.2,1,0.46,0.54,210.9,1,0.5,0.5,194.0,107.8,0.0,0.0,2017,32
4,CHE,1,1,0.89,0,0.15,1.04,-0.04,91.3,1,1.2,-0.2,79.2,3,1.43,1.57,66.4,36.5,0.0,0.0,2017,32
5,CRY,1,0,1.06,0,0.08,1.92,-0.92,49.5,0,0.33,-0.33,287.9,2,1.81,0.19,52.5,38.0,0.0,0.0,2017,32
6,EVE,1,1,0.61,0,0.3,0.92,0.08,102.2,1,0.55,0.45,170.9,3,1.53,1.47,61.4,72.3,0.0,0.0,2017,32
7,HUD,0,0,0.08,0,0.04,0.12,-0.12,800.0,0,0.25,-0.25,384.0,1,2.39,-1.39,40.2,41.7,0.0,0.0,2017,32
8,LEI,2,0,1.04,1,0.19,1.22,0.78,79.5,2,0.87,1.13,111.5,0,1.77,-1.77,54.8,88.2,0.0,0.0,2017,32
9,LIV,2,2,1.39,0,0.42,1.81,0.19,52.5,2,1.39,0.61,68.3,1,1.92,-0.92,49.5,52.8,0.0,0.0,2017,32
10,MCI,3,3,1.4,0,0.13,1.53,1.47,61.4,3,1.62,1.38,58.0,1,0.92,0.08,102.2,156.7,0.0,0.0,2017,32
11,MUN,2,2,2.18,0,0.0,2.18,-0.18,42.7,1,1.71,-0.71,54.4,0,0.18,-0.18,516.7,465.0,0.0,0.0,2017,32
12,NEW,1,1,2.2,0,0.19,2.39,-1.39,40.2,1,1.47,-0.47,65.3,0,0.12,-0.12,800.0,inf,0.0,0.0,2017,32
13,SOU,0,0,0.36,0,0.14,0.5,-0.5,188.0,0,0.48,-0.48,195.8,3,1.35,1.65,69.6,47.0,0.0,0.0,2017,32
14,STK,0,0,0.19,0,0.25,0.45,-0.45,211.1,0,0.36,-0.36,263.9,3,3.72,-0.72,25.5,20.2,0.0,0.0,2017,32
15,SWA,0,0,0.18,0,0.0,0.18,-0.18,516.7,0,0.49,-0.49,189.8,2,2.18,-0.18,42.7,42.3,0.0,0.0,2017,32
16,TOT,3,3,1.38,0,0.05,1.43,1.57,66.4,2,0.73,1.27,130.1,1,1.04,-0.04,91.3,52.8,0.0,0.0,2017,32
17,WAT,2,1,0.46,1,0.27,0.73,1.27,130.1,2,0.99,1.01,96.0,2,1.75,0.25,54.3,41.3,0.0,0.0,2017,32
18,WBA,1,1,0.5,0,0.0,0.5,0.5,194.0,1,0.75,0.25,129.3,2,1.29,0.71,75.2,60.6,0.0,0.0,2017,32
19,WHU,3,2,1.27,0,0.08,1.35,1.65,69.6,2,0.34,1.66,276.5,0,0.5,-0.5,188.0,inf,0.0,0.0,2017,32
0,ARS,3,3,1.34,0,0.29,1.62,1.38,59.9,3,1.48,1.52,65.5,2,1.96,0.04,49.5,37.3,0.0,0.0,2017,33
1,BOU,2,1,0.9,1,1.13,2.03,-0.03,46.8,2,1.12,0.88,84.8,2,1.11,0.89,85.6,38.0,0.0,0.0,2017,33
2,BHA,1,1,1.08,0,0.42,1.5,-0.5,63.3,0,1.52,-1.52,62.5,1,1.46,-0.46,65.1,63.3,0.0,0.0,2017,33
3,BUR,2,0,0.33,2,0.66,0.99,1.01,98.0,1,0.46,0.54,210.9,1,1.24,-0.24,78.2,161.7,0.0,0.0,2017,33
4,CHE,1,0,1.3,1,0.58,1.88,-0.88,51.1,1,2.38,-1.38,40.3,1,0.32,0.68,300.0,192.0,0.0,0.0,2017,33
5,CRY,2,1,1.0,1,0.11,1.11,0.89,85.6,1,0.72,0.28,131.9,2,2.03,-0.03,46.8,63.3,0.0,0.0,2017,33
6,EVE,0,0,0.57,0,0.0,0.57,-0.57,164.9,0,0.36,-0.36,261.1,0,0.9,-0.9,104.4,117.5,0.0,0.0,2017,33
7,HUD,1,1,1.2,0,0.26,1.46,-0.46,65.1,0,0.7,-0.7,135.7,1,1.5,-0.5,63.3,86.4,0.0,0.0,2017,33
8,LEI,1,1,1.09,0,0.27,1.36,-0.36,69.9,1,1.56,-0.56,60.9,2,0.36,1.64,263.9,190.0,0.0,0.0,2017,33
9,LIV,0,0,0.85,0,0.05,0.9,-0.9,104.4,0,0.58,-0.58,162.1,0,0.57,-0.57,164.9,235.0,0.0,0.0,2017,33
10,MCI,2,1,1.99,1,0.7,2.69,-0.69,36.1,2,2.52,-0.52,38.5,3,1.06,1.94,91.5,48.5,0.0,0.0,2017,33
11,MUN,3,2,0.88,1,0.18,1.06,1.94,91.5,3,0.83,2.17,116.9,2,2.69,-0.69,36.1,60.6,0.0,0.0,2017,33
12,NEW,2,2,0.14,0,0.22,0.36,1.64,263.9,2,0.25,1.75,380.0,1,1.36,-0.36,69.9,95.0,0.0,0.0,2017,33
13,SOU,2,1,1.21,1,0.76,1.96,0.04,49.5,2,1.44,0.56,67.4,3,1.62,1.38,59.9,48.5,0.0,0.0,2017,33
14,STK,1,1,0.91,0,0.45,1.36,-0.36,72.1,0,1.06,-1.06,92.5,2,1.7,0.3,57.6,42.6,0.0,0.0,2017,33
15,SWA,1,0,0.45,1,0.38,0.83,0.17,114.5,1,0.36,0.64,263.9,1,1.19,-0.19,79.8,237.5,0.0,0.0,2017,33
16,TOT,2,1,1.15,1,0.55,1.7,0.3,57.6,2,1.05,0.95,93.3,1,1.36,-0.36,72.1,75.4,0.0,0.0,2017,33
17,WAT,1,1,0.93,0,0.31,1.24,-0.24,78.2,0,0.97,-0.97,100.0,2,0.99,1.01,98.0,161.7,0.0,0.0,2017,33
18,WBA,1,0,0.44,1,0.75,1.19,-0.19,79.8,1,1.37,-0.37,69.3,1,0.83,0.17,114.5,135.7,0.0,0.0,2017,33
19,WHU,1,1,0.32,0,0.0,0.32,0.68,300.0,1,0.39,0.61,246.2,1,1.88,-0.88,51.1,41.7,0.0,0.0,2017,33
0,ARS,1,1,0.81,0,0.38,1.19,-0.19,78.2,1,1.09,-0.09,85.3,2,0.79,1.21,117.7,155.0,0.0,0.0,2017,34
1,BOU,0,0,1.25,0,0.26,1.5,-1.5,126.0,0,1.74,-1.74,108.6,5,3.38,1.62,55.9,63.0,0.0,0.0,2017,34
2,BHA,3,1,0.73,1,1.04,2.55,0.45,74.1,2,0.82,1.18,230.5,4,3.37,0.63,56.1,44.0,0.0,0.0,2017,34
3,BUR,3,2,0.75,1,0.35,1.1,1.9,172.7,2,0.67,1.33,283.6,3,3.6,-0.6,52.8,59.4,0.0,0.0,2017,34
4,CHE,5,4,2.14,1,0.33,2.47,2.53,77.3,3,2.5,0.5,76.4,3,1.26,1.74,151.6,68.2,0.0,0.0,2017,34
5,CRY,3,1,0.64,2,1.47,2.11,0.89,45.0,1,0.62,0.38,153.2,2,1.48,0.52,64.2,50.0,0.0,0.0,2017,34
6,EVE,1,1,1.41,0,0.22,1.63,-0.63,57.7,0,0.93,-0.93,101.1,1,1.32,-0.32,71.2,72.3,0.0,0.0,2017,34
7,HUD,1,1,0.71,0,0.05,0.77,0.23,122.1,1,0.67,0.33,140.3,0,0.22,-0.22,427.3,313.3,0.0,0.0,2017,34
8,LEI,1,0,2.3,0,0.19,2.49,-1.49,75.9,1,2.29,-1.29,82.5,2,1.71,0.29,110.5,126.0,0.0,0.0,2017,34
9,LIV,3,3,1.99,0,0.05,2.05,0.95,45.9,2,1.7,0.3,55.3,0,0.29,-0.29,324.1,470.0,0.0,0.0,2017,34
10,MCI,3,1,1.58,1,0.56,2.93,0.07,32.4,1,1.06,-0.06,89.6,1,0.42,0.58,226.2,190.0,0.0,0.0,2017,34
11,MUN,2,1,1.29,1,0.74,2.04,-0.04,93.1,2,2.52,-0.52,75.4,1,1.89,-0.89,100.5,380.0,0.0,0.0,2017,34
12,NEW,2,2,0.74,0,0.05,0.79,1.21,117.7,2,0.78,1.22,119.2,1,1.19,-0.19,78.2,103.3,0.0,0.0,2017,34
13,SOU,2,1,1.54,1,0.32,1.87,0.13,101.6,2,1.22,0.78,155.7,3,1.36,1.64,139.7,100.0,0.0,0.0,2017,34
14,STK,1,1,1.15,0,0.54,1.69,-0.69,56.2,0,0.83,-0.83,114.5,1,0.79,0.21,120.3,73.1,0.0,0.0,2017,34
15,SWA,1,0,0.88,1,0.45,1.32,-0.32,71.2,1,0.85,0.15,110.6,1,1.63,-0.63,57.7,104.4,0.0,0.0,2017,34
16,TOT,2,2,1.26,0,0.41,1.68,0.32,112.5,1,1.85,-0.85,102.2,4,4.0,0.0,47.3,48.5,0.0,0.0,2017,34
17,WAT,0,0,0.14,0,0.08,0.22,-0.22,427.3,0,0.39,-0.39,241.0,1,0.77,0.23,122.1,313.3,0.0,0.0,2017,34
18,WBA,1,0,0.39,1,0.29,0.67,0.33,141.8,0,0.45,-0.45,211.1,0,0.7,-0.7,135.7,135.7,0.0,0.0,2017,34
19,WHU,1,1,0.41,0,0.38,0.79,0.21,120.3,1,0.92,0.08,103.3,1,1.69,-0.69,56.2,73.1,0.0,0.0,2017,34
0,ARS,4,3,1.6,1,0.22,1.82,2.18,52.2,3,2.5,0.5,38.0,1,0.81,0.19,117.3,158.3,0.0,0.0,2017,35
1,BUR,1,1,0.41,1,1.16,1.57,-0.57,60.5,0,0.65,-0.65,146.2,1,0.37,0.63,256.8,158.3,0.0,0.0,2017,35
2,CRY,0,0,0.07,0,0.18,0.25,-0.25,376.0,0,0.28,-0.28,335.7,0,0.63,-0.63,149.2,313.3,0.0,0.0,2017,35
3,EVE,1,1,0.34,0,0.41,0.75,0.25,129.3,0,0.62,-0.62,156.5,0,0.82,-0.82,118.3,485.0,0.0,0.0,2017,35
4,LIV,2,1,1.07,1,0.19,1.26,0.74,75.4,2,1.08,0.92,88.0,2,1.28,0.72,74.2,52.8,0.0,0.0,2017,35
5,MCI,5,4,2.25,1,0.12,3.16,1.84,29.4,3,2.62,0.38,35.5,0,0.3,-0.3,310.0,930.0,0.0,0.0,2017,35
6,NEW,0,0,0.17,0,0.65,0.82,-0.82,118.3,0,0.59,-0.59,164.4,1,0.75,0.25,129.3,970.0,0.0,0.0,2017,35
7,STK,1,1,0.25,0,0.12,0.37,0.63,256.8,1,0.56,0.44,169.6,1,1.57,-0.57,60.5,41.3,0.0,0.0,2017,35
8,SWA,0,0,0.14,0,0.16,0.3,-0.3,310.0,0,0.13,-0.13,715.4,5,3.16,1.84,29.4,18.2,0.0,0.0,2017,35
9,WAT,0,0,0.33,0,0.3,0.63,-0.63,149.2,0,0.32,-0.32,293.8,0,0.25,-0.25,376.0,470.0,0.0,0.0,2017,35
10,WBA,2,0,0.29,2,0.99,1.28,0.72,74.2,1,0.89,0.11,106.7,2,1.26,0.74,75.4,86.4,0.0,0.0,2017,35
11,WHU,1,1,0.3,0,0.51,0.81,0.19,117.3,1,0.4,0.6,237.5,4,1.82,2.18,52.2,32.8,0.0,0.0,2017,35
0,ARS,1,1,0.55,0,0.0,0.55,0.45,172.7,1,0.36,0.64,263.9,2,1.66,0.34,57.2,73.1,0.0,0.0,2017,36
1,BOU,1,0,0.28,1,0.44,0.72,0.28,133.3,1,0.71,0.29,135.2,2,1.51,0.49,63.6,40.0,0.0,0.0,2017,36
2,BHA,0,0,0.32,0,0.11,0.43,-0.43,223.3,0,0.24,-0.24,400.0,0,1.54,-1.54,62.3,40.0,0.0,0.0,2017,36
3,BUR,0,0,0.26,0,1.27,1.54,-1.54,62.3,0,0.73,-0.73,131.5,0,0.43,-0.43,223.3,96.0,0.0,0.0,2017,36
4,CHE,1,1,1.13,0,0.36,1.49,-0.49,63.8,1,1.28,-0.28,74.2,0,0.67,-0.67,141.8,237.5,0.0,0.0,2017,36
5,CRY,5,4,1.92,0,0.34,3.05,1.95,30.5,3,1.14,1.86,81.6,0,0.61,-0.61,152.5,inf,0.0,0.0,2017,36
6,EVE,2,1,0.46,0,0.17,0.63,1.37,150.8,2,0.39,1.61,243.6,0,0.56,-0.56,169.6,316.7,0.0,0.0,2017,36
7,HUD,0,0,0.49,0,0.07,0.56,-0.56,169.6,0,0.63,-0.63,150.8,2,0.63,1.37,150.8,73.1,0.0,0.0,2017,36
8,LEI,0,0,0.51,0,0.1,0.61,-0.61,152.5,0,0.91,-0.91,102.2,5,3.05,1.95,30.5,23.8,0.0,0.0,2017,36
9,LIV,0,0,1.77,0,0.15,1.93,-1.93,50.3,0,1.51,-1.51,64.2,0,0.63,-0.63,154.0,970.0,0.0,0.0,2017,36
10,MCI,4,4,2.25,0,0.12,2.38,1.62,39.5,3,2.3,0.7,40.9,1,0.24,0.76,391.7,470.0,0.0,0.0,2017,36
11,MUN,2,2,1.48,0,0.18,1.66,0.34,57.2,1,1.74,-0.74,54.6,1,0.55,0.45,172.7,158.3,0.0,0.0,2017,36
12,NEW,0,0,1.13,0,0.73,1.85,-1.85,51.4,0,2.24,-2.24,42.4,1,0.68,0.32,139.7,237.5,0.0,0.0,2017,36
13,SOU,2,1,1.48,0,0.02,1.51,0.49,63.6,1,0.26,0.74,369.2,1,0.72,0.28,133.3,80.0,0.0,0.0,2017,36
14,STK,0,0,0.16,0,0.47,0.63,-0.63,154.0,0,0.3,-0.3,323.3,0,1.93,-1.93,50.3,138.6,0.0,0.0,2017,36
15,SWA,0,0,0.4,0,0.27,0.67,-0.67,141.8,0,0.49,-0.49,193.9,1,1.49,-0.49,63.8,59.4,0.0,0.0,2017,36
16,TOT,2,2,1.06,0,0.31,1.36,0.64,71.3,2,1.36,0.64,71.3,0,1.29,-1.29,75.2,485.0,0.0,0.0,2017,36
17,WAT,0,0,1.26,0,0.03,1.29,-1.29,75.2,0,0.77,-0.77,126.0,2,1.36,0.64,71.3,74.6,0.0,0.0,2017,36
18,WBA,1,1,0.61,0,0.06,0.68,0.32,139.7,1,0.56,0.44,169.6,0,1.85,-1.85,51.4,135.7,0.0,0.0,2017,36
19,WHU,1,0,0.07,1,0.17,0.24,0.76,391.7,0,0.2,-0.2,470.0,4,2.38,1.62,39.5,58.8,0.0,0.0,2017,36
0,ARS,6,6,3.75,0,0.32,4.07,1.93,45.9,5,3.03,1.97,61.7,3,2.45,0.55,76.3,56.7,0.0,0.0,2017,37
1,BOU,1,0,1.53,1,0.38,1.91,-0.91,50.3,1,1.24,-0.24,77.4,0,1.4,-1.4,68.6,160.0,0.0,0.0,2017,37
2,BHA,2,2,2.09,0,0.11,2.2,-0.2,85.9,1,0.58,0.42,325.9,3,2.4,0.6,78.8,90.0,0.0,0.0,2017,37
3,BUR,0,0,0.18,0,0.1,0.28,-0.28,325.0,0,0.37,-0.37,245.9,5,2.64,2.36,34.5,23.3,0.0,0.0,2017,37
4,CHE,2,2,1.39,0,1.2,2.59,-0.59,74.5,1,3.39,-2.39,56.9,1,1.22,-0.22,158.2,137.9,0.0,0.0,2017,37
5,CRY,2,1,1.06,0,0.06,1.12,0.88,85.7,1,0.59,0.41,162.7,1,0.53,0.47,181.1,106.7,0.0,0.0,2017,37
6,EVE,1,1,0.21,0,0.24,0.46,0.54,210.9,1,0.52,0.48,186.5,1,0.66,0.34,147.0,138.6,0.0,0.0,2017,37
7,HUD,1,0,0.84,0,0.08,0.92,0.08,208.7,0,0.44,-0.44,436.4,1,2.72,-1.72,70.6,128.0,0.0,0.0,2017,37
8,LEI,3,1,1.35,1,0.57,2.71,0.29,70.5,2,1.15,0.85,166.1,3,3.08,-0.08,62.0,45.5,0.0,0.0,2017,37
9,LIV,0,0,0.52,0,0.0,0.52,-0.52,184.6,0,1.21,-1.21,79.3,1,0.64,0.36,150.0,320.0,0.0,0.0,2017,37
10,MCI,3,1,2.02,1,0.34,2.36,0.64,80.1,3,3.43,-0.43,55.1,1,1.44,-0.44,131.3,94.5,0.0,0.0,2017,37
11,MUN,0,0,0.99,0,0.58,1.57,-1.57,121.0,0,1.4,-1.4,135.7,1,1.61,-0.61,118.0,135.7,0.0,0.0,2017,37
12,NEW,1,1,1.28,0,0.5,1.78,-0.78,107.3,1,1.86,-0.86,102.7,3,3.42,-0.42,55.8,28.1,0.0,0.0,2017,37
13,SOU,2,1,0.92,1,0.98,1.9,0.1,102.1,1,1.34,-0.34,144.8,1,0.91,0.09,213.2,242.5,0.0,0.0,2017,37
14,STK,1,0,0.29,1,0.24,0.53,0.47,181.1,0,0.72,-0.72,133.3,2,1.12,0.88,85.7,87.3,0.0,0.0,2017,37
15,SWA,0,0,1.06,0,0.8,1.86,-1.86,103.8,0,1.6,-1.6,120.6,2,3.16,-1.16,61.1,66.6,0.0,0.0,2017,37
16,TOT,1,1,1.32,0,0.78,2.1,-1.1,91.9,1,2.32,-1.32,83.2,1,2.62,-1.62,73.7,128.7,0.0,0.0,2017,37
17,WAT,2,2,1.66,0,0.16,2.61,-0.61,36.4,2,1.04,0.96,91.3,1,0.73,0.27,130.1,105.6,0.0,0.0,2017,37
18,WBA,1,0,0.05,1,1.52,1.57,-0.57,61.8,0,0.66,-0.66,147.0,0,1.29,-1.29,75.2,60.6,0.0,0.0,2017,37
19,WHU,2,1,1.88,1,0.39,2.27,-0.27,84.1,1,1.69,-0.69,113.0,0,1.3,-1.3,146.9,238.8,0.0,0.0,2017,37
0,ARS,1,1,1.61,0,0.4,2.01,-1.01,46.8,1,1.29,-0.29,72.9,0,1.81,-1.81,51.9,235.0,0.0,0.0,2017,38
1,BOU,2,2,1.02,0,0.34,1.35,0.65,71.1,2,0.62,1.38,154.8,1,1.24,-0.24,77.4,80.0,0.0,0.0,2017,38
2,BHA,0,0,0.05,0,0.0,0.05,-0.05,1860.0,0,0.11,-0.11,845.5,4,2.82,1.18,33.0,25.8,0.0,0.0,2017,38
3,BUR,1,1,1.1,0,0.14,1.24,-0.24,77.4,1,0.84,0.16,114.3,2,1.35,0.65,71.1,48.0,0.0,0.0,2017,38
4,CHE,0,0,0.99,0,0.0,0.99,-0.99,92.9,0,0.67,-0.67,137.3,3,2.21,0.79,41.6,31.7,0.0,0.0,2017,38
5,CRY,2,2,2.11,0,0.07,2.18,-0.18,42.2,2,1.06,0.94,86.8,0,0.24,-0.24,383.3,inf,0.0,0.0,2017,38
6,EVE,1,0,1.27,1,0.42,1.69,-0.69,55.0,0,0.59,-0.59,157.6,3,1.13,1.87,82.3,66.4,0.0,0.0,2017,38
7,HUD,0,0,0.75,0,1.07,1.81,-1.81,51.9,0,1.41,-1.41,66.7,1,2.01,-1.01,46.8,42.7,0.0,0.0,2017,38
8,LEI,4,3,0.81,1,0.58,1.39,2.61,69.8,2,1.15,0.85,84.3,5,1.76,3.24,55.1,35.9,1.5,0.2,2017,38
9,LIV,4,2,2.56,1,0.25,2.82,1.18,33.0,2,2.99,-0.99,31.1,0,0.05,-0.05,1860.0,inf,0.0,0.0,2017,38
10,MCI,1,1,0.51,0,0.28,0.79,0.21,120.3,1,0.59,0.41,161.0,0,0.48,-0.48,197.9,950.0,0.0,0.0,2017,38
11,MUN,1,1,0.38,0,0.05,0.42,0.58,223.8,1,0.61,0.39,154.1,0,0.65,-0.65,144.6,104.4,0.0,0.0,2017,38
12,NEW,3,2,1.42,1,0.78,2.21,0.79,41.6,2,1.06,0.94,86.8,0,0.99,-0.99,92.9,76.7,0.0,0.0,2017,38
13,SOU,0,0,0.37,0,0.12,0.48,-0.48,197.9,0,0.22,-0.22,431.8,1,0.79,0.21,120.3,475.0,0.0,0.0,2017,38
14,STK,2,0,0.73,1,0.12,1.64,0.36,55.5,2,0.61,1.39,149.2,1,3.0,-2.0,30.3,27.6,2.6,0.4,2017,38
15,SWA,1,1,2.58,0,0.42,3.0,-2.0,30.3,1,1.91,-0.91,47.6,2,1.64,0.36,55.5,39.6,0.7,0.1,2017,38
16,TOT,5,4,1.55,0,0.21,1.76,3.24,55.1,4,1.71,2.29,56.7,4,1.39,2.61,69.8,51.1,0.8,0.6,2017,38
17,WAT,0,0,0.5,0,0.15,0.65,-0.65,144.6,0,0.7,-0.7,134.3,1,0.42,0.58,223.8,235.0,0.0,0.0,2017,38
18,WBA,0,0,0.15,0,0.08,0.24,-0.24,383.3,0,0.17,-0.17,541.2,2,2.18,-0.18,42.2,38.3,0.0,0.0,2017,38
19,WHU,3,3,0.99,0,0.14,1.13,1.87,82.3,3,1.02,1.98,91.2,1,1.69,-0.69,55.0,38.8,0.0,0.0,2017,38
