,Team,Games Played,Goals Conceded,Clean Sheets,Shots ConcededIn,Shots ConcededOut,Shots ConcededTotal,Shots ConcededOn Target,Shots ConcededHead,Shots ConcededSP,Shots ConcededBC,Crosses ConcededLeft Flank,Crosses ConcededRight Flank,Chances ConcededLeft Flank,Chances ConcededCentre,Chances ConcededRight Flank,Defensive SlipsLost,Defensive SlipsErr,Defensive SlipsErr Goal,Season,GW ID
0,ARS,1,2,0,7,1,8,3,3,2,2,3,6,1,2,3,7,0,0,2021,1
1,AVL,1,3,0,9,4,13,7,1,2,1,5,3,4,4,3,13,0,0,2021,1
2,BRE,1,0,1,13,9,22,4,3,4,0,6,16,2,7,10,9,0,0,2021,1
3,BHA,1,1,0,8,6,14,3,5,5,3,15,21,2,4,3,12,0,0,2021,1
4,BUR,1,2,0,12,2,14,6,5,6,3,10,4,6,2,2,3,0,0,2021,1
5,CHE,1,0,1,4,0,4,1,1,2,0,3,2,1,0,3,13,0,0,2021,1
6,CRY,1,3,0,5,8,13,6,1,5,1,9,13,1,1,4,8,0,0,2021,1
7,EVE,1,1,0,5,1,6,3,2,3,1,9,13,1,2,1,10,1,1,2021,1
8,LEE,1,5,0,12,4,16,8,1,2,3,7,4,1,8,5,12,0,0,2021,1
9,LEI,1,0,1,12,5,17,3,3,1,1,7,9,6,4,2,21,2,0,2021,1
10,LIV,1,0,1,9,5,14,3,2,6,1,4,15,5,3,3,10,2,0,2021,1
11,MCI,1,1,0,5,8,13,2,1,4,1,7,5,5,3,2,14,0,0,2021,1
12,MUN,1,1,0,3,7,10,3,1,5,2,9,5,1,3,3,9,0,0,2021,1
13,NEW,1,4,0,12,6,18,8,5,5,6,10,13,3,2,7,11,0,0,2021,1
14,NOR,1,3,0,13,6,19,6,2,9,3,11,14,6,4,3,7,0,0,2021,1
15,SOU,1,3,0,11,3,14,6,4,3,3,13,12,6,2,3,7,0,0,2021,1
16,TOT,1,0,1,11,7,18,4,3,5,3,15,15,5,2,6,20,0,0,2021,1
17,WAT,1,2,0,4,7,11,2,1,2,1,14,12,1,1,4,14,0,0,2021,1
18,WHU,1,2,0,9,8,17,3,4,7,1,14,13,8,2,2,14,0,0,2021,1
19,WOL,1,1,0,6,3,9,5,0,0,0,3,4,2,4,2,7,0,0,2021,1
0,ARS,1,2,0,15,7,22,5,4,4,5,12,5,4,8,6,7,0,0,2021,2
1,AVL,1,0,1,6,3,9,1,4,4,1,10,10,4,2,3,4,0,0,2021,2
2,BRE,1,0,1,5,2,7,2,2,2,1,8,4,4,0,2,8,0,0,2021,2
3,BHA,1,0,1,7,3,10,1,3,0,0,12,5,4,3,3,6,0,0,2021,2
4,BUR,1,2,0,21,6,27,8,8,9,3,17,11,8,7,8,4,0,0,2021,2
5,CHE,1,0,1,3,3,6,3,1,2,1,7,14,1,3,2,9,0,0,2021,2
6,CRY,1,0,1,8,6,14,3,2,7,0,9,6,5,4,2,9,0,0,2021,2
7,EVE,1,2,0,7,10,17,4,2,7,1,14,11,1,9,3,12,0,0,2021,2
8,LEE,1,2,0,9,8,17,8,3,2,2,6,9,3,5,7,8,0,0,2021,2
9,LEI,1,4,0,15,4,19,7,7,5,3,19,15,10,1,5,10,1,1,2021,2
10,LIV,1,0,1,7,2,9,3,4,3,2,8,11,2,3,3,9,0,0,2021,2
11,MCI,1,0,1,1,1,1,0,0,0,0,3,3,0,0,0,6,0,0,2021,2
12,MUN,1,1,0,3,5,8,3,0,3,1,10,7,2,2,1,9,1,0,2021,2
13,NEW,1,2,0,6,4,10,2,2,5,1,8,8,4,3,1,2,0,0,2021,2
14,NOR,1,5,0,7,9,16,4,1,4,3,11,15,4,4,3,9,0,0,2021,2
15,SOU,1,1,0,11,5,15,3,5,7,3,13,6,2,6,3,11,0,0,2021,2
16,TOT,1,0,1,14,11,25,6,3,7,1,19,16,11,8,4,19,0,0,2021,2
17,WAT,1,2,0,8,5,13,3,3,5,3,11,9,3,4,3,7,1,0,2021,2
18,WHU,1,1,0,4,1,5,1,0,0,1,2,1,1,1,1,5,0,0,2021,2
19,WOL,1,1,0,7,1,8,6,1,1,2,5,3,1,3,1,9,1,0,2021,2
0,ARS,1,5,0,17,8,25,10,5,7,7,17,13,10,7,4,7,1,1,2021,3
1,AVL,1,1,0,7,2,9,2,1,2,2,5,2,1,5,3,5,0,0,2021,3
2,BRE,1,1,0,5,2,7,5,3,3,1,10,11,1,1,4,10,0,0,2021,3
3,BHA,1,2,0,8,6,14,5,0,1,1,9,5,4,5,3,7,0,0,2021,3
4,BUR,1,1,0,9,3,12,2,2,4,2,10,17,3,0,6,7,0,0,2021,3
5,CHE,1,1,0,17,7,24,7,7,10,4,23,17,7,4,5,4,0,0,2021,3
6,CRY,1,2,0,11,3,14,4,2,2,2,20,8,5,5,2,11,1,0,2021,3
7,EVE,1,0,1,5,9,14,3,0,4,0,9,3,5,2,3,10,0,0,2021,3
8,LEE,1,1,0,9,3,12,3,2,6,2,13,7,4,4,2,8,1,1,2021,3
9,LEI,1,1,0,5,9,14,4,1,2,2,7,16,5,2,1,6,0,0,2021,3
10,LIV,1,1,0,6,0,6,3,1,1,0,5,7,0,3,3,4,0,0,2021,3
11,MCI,1,0,1,1,0,1,0,0,0,0,1,2,0,0,1,2,0,0,2021,3
12,MUN,1,0,1,10,5,15,5,2,3,3,8,10,5,3,2,14,1,0,2021,3
13,NEW,1,2,0,12,10,22,6,1,4,4,9,12,4,10,4,15,1,0,2021,3
14,NOR,1,2,0,7,2,9,3,0,2,2,4,15,2,1,2,14,0,0,2021,3
15,SOU,1,2,0,7,3,10,4,3,3,2,12,5,4,1,2,10,0,0,2021,3
16,TOT,1,0,1,6,3,9,2,1,2,0,9,5,4,3,1,10,0,0,2021,3
17,WAT,1,1,0,9,6,15,8,1,9,0,15,10,4,1,4,9,0,0,2021,3
18,WHU,1,2,0,6,3,9,2,3,4,3,5,8,2,3,2,15,0,0,2021,3
19,WOL,1,1,0,7,3,10,3,1,5,1,9,9,3,2,2,4,1,1,2021,3
