,Team,xG Expected GoalsG,xG Expected GoalsOP,xG Expected GoalsxG Open Play,xG Expected GoalsSP,xG Expected GoalsxG Set Play,xG Expected GoalsxG,xG Expected GoalsΔ,xG Expected GoalsMins/ xG,xA Expected AssistsA,xA Expected AssistsxA,xA Expected AssistsΔ,xA Expected AssistsMins/ xA,Goals ConcededGC,Goals ConcededxGC,Goals ConcededΔ,Goals ConcededMins/ xGC,Goals ConcededMins/ xGC On Target,Goals ConcededxGC OP,Goals ConcededxGC SP,Season,GW ID
0,ARS,3,2,1.38,1,0.59,1.97,1.03,47.2,2,1.03,0.97,90.3,0,0.15,-0.15,620.0,930.0,0.1,0.0,2020,1
1,BHA,1,1,0.82,0,0.24,1.05,-0.05,89.5,1,0.95,0.05,98.9,3,1.22,1.78,77.0,55.3,0.4,0.1,2020,1
2,CHE,3,1,0.37,1,0.07,1.22,1.78,77.0,2,0.48,1.52,195.8,1,1.05,-0.05,89.5,134.3,0.8,0.2,2020,1
3,CRY,1,0,0.85,0,0.26,1.11,-0.11,87.4,1,0.55,0.45,176.4,0,0.9,-0.9,107.8,242.5,0.5,0.4,2020,1
4,EVE,1,0,1.09,1,0.12,1.2,-0.2,79.2,1,0.51,0.49,186.3,0,1.13,-1.13,84.1,105.6,0.9,0.2,2020,1
5,FUL,0,0,0.12,0,0.03,0.15,-0.15,620.0,0,0.23,-0.23,404.3,3,1.97,1.03,47.2,33.2,1.4,0.6,2020,1
6,LEE,3,3,0.27,0,0.05,0.32,2.68,296.9,2,0.38,1.62,250.0,4,2.76,1.24,34.4,38.0,0.9,0.3,2020,1
7,LEI,3,1,1.12,0,0.13,2.83,0.17,32.9,1,0.76,0.24,122.4,0,0.42,-0.42,221.4,155.0,0.3,0.1,2020,1
8,LIV,4,0,0.87,2,0.31,2.76,1.24,34.4,1,1.17,-0.17,81.2,3,0.32,2.68,296.9,190.0,0.3,0.0,2020,1
9,NEW,2,2,1.5,0,0.08,1.57,0.43,60.5,2,0.79,1.21,120.3,0,1.09,-1.09,87.2,190.0,0.5,0.6,2020,1
10,SHU,0,0,0.92,0,0.12,1.04,-1.04,92.3,0,1.09,-1.09,88.1,2,1.4,0.6,68.6,73.8,1.2,0.2,2020,1
11,SOU,0,0,0.49,0,0.41,0.9,-0.9,107.8,0,0.85,-0.85,114.1,1,1.11,-0.11,87.4,121.3,0.8,0.3,2020,1
12,TOT,0,0,0.92,0,0.21,1.13,-1.13,84.1,0,0.79,-0.79,120.3,1,1.2,-0.2,79.2,190.0,1.1,0.1,2020,1
13,WBA,0,0,0.29,0,0.12,0.42,-0.42,221.4,0,0.37,-0.37,251.4,3,2.83,0.17,32.9,29.1,1.1,0.1,2020,1
14,WHU,0,0,0.52,0,0.57,1.09,-1.09,87.2,0,1.13,-1.13,84.1,2,1.57,0.43,60.5,73.1,1.5,0.1,2020,1
15,WOL,2,0,1.21,1,0.19,1.4,0.6,68.6,2,0.29,1.71,331.0,0,1.04,-1.04,92.3,inf,0.9,0.1,2020,1
0,ARS,2,2,1.11,0,0.0,1.11,0.89,85.6,2,1.59,0.41,59.7,1,2.08,-1.08,45.7,135.7,2.0,0.1,2020,2
1,AVL,1,0,0.58,1,0.43,1.01,-0.01,93.1,1,1.16,-0.16,81.0,0,0.93,-0.93,101.1,94.0,0.0,0.1,2020,2
2,BHA,3,2,0.96,0,0.02,1.78,1.22,52.8,2,0.5,1.5,188.0,0,0.52,-0.52,180.8,inf,0.5,0.1,2020,2
3,BUR,2,1,0.99,1,0.4,1.39,0.61,66.9,1,0.7,0.3,132.9,4,1.22,2.78,76.2,40.4,1.0,0.2,2020,2
4,CHE,0,0,0.11,0,0.03,0.93,-0.93,101.1,0,0.17,-0.17,552.9,2,2.12,-0.12,44.3,62.7,1.9,0.2,2020,2
5,CRY,3,2,0.79,0,0.08,1.65,1.35,58.8,1,0.33,0.67,293.9,1,1.23,-0.23,78.9,69.3,0.9,0.3,2020,2
6,EVE,5,3,2.43,2,1.54,3.97,1.03,23.9,3,1.84,1.16,51.6,2,0.34,1.66,279.4,118.8,0.3,0.1,2020,2
7,FUL,3,2,0.83,0,0.12,1.74,1.26,54.6,2,0.62,1.38,153.2,4,1.37,2.63,69.3,39.6,0.3,0.3,2020,2
8,LEE,4,2,0.29,1,0.29,1.37,2.63,69.3,2,0.37,1.63,256.8,3,1.74,1.26,54.6,47.5,0.8,0.1,2020,2
9,LEI,4,4,1.04,0,0.18,1.22,2.78,76.2,2,1.09,0.91,85.3,2,1.39,0.61,66.9,93.0,1.0,0.4,2020,2
10,LIV,2,2,1.95,0,0.18,2.12,-0.12,44.3,1,1.5,-0.5,62.7,0,0.93,-0.93,101.1,67.1,0.1,0.0,2020,2
11,MCI,3,2,1.0,0,0.11,1.9,1.1,50.5,2,0.7,1.3,137.1,1,0.56,0.44,171.4,960.0,0.5,0.1,2020,2
12,MUN,1,1,0.91,0,0.32,1.23,-0.23,78.9,0,0.93,-0.93,104.3,3,1.65,1.35,58.8,46.2,0.8,0.1,2020,2
13,NEW,0,0,0.46,0,0.05,0.52,-0.52,180.8,0,0.51,-0.51,184.3,3,1.78,1.22,52.8,37.6,1.0,0.0,2020,2
14,SHU,0,0,0.05,0,0.1,0.93,-0.93,101.1,0,0.57,-0.57,164.9,1,1.01,-0.01,93.1,188.0,0.6,0.4,2020,2
15,SOU,2,1,1.1,0,0.23,2.12,-0.12,44.8,1,0.24,0.76,395.8,5,2.09,2.91,45.5,33.9,2.0,0.1,2020,2
16,TOT,5,4,2.0,0,0.09,2.09,2.91,45.5,4,0.25,3.75,380.0,2,2.12,-0.12,44.8,36.5,1.1,0.2,2020,2
17,WBA,2,0,0.27,1,0.06,0.34,1.66,279.4,1,0.24,0.76,395.8,5,3.97,1.03,23.9,27.1,2.4,1.5,2020,2
18,WHU,1,1,1.96,0,0.11,2.08,-1.08,45.7,1,0.78,0.22,121.8,2,1.11,0.89,85.6,73.1,1.1,0.0,2020,2
19,WOL,1,0,0.45,1,0.11,0.56,0.44,171.4,1,0.55,0.45,174.5,3,1.9,1.1,50.5,41.7,1.0,0.1,2020,2
0,ARS,1,1,1.26,0,0.0,1.26,-0.26,73.8,0,0.62,-0.62,150.0,3,2.71,0.29,34.3,35.8,2.6,0.2,2020,3
1,AVL,3,2,0.97,1,0.46,1.42,1.58,66.2,3,1.49,1.51,63.1,0,0.72,-0.72,130.6,313.3,0.6,0.1,2020,3
2,BHA,2,1,1.36,0,0.41,2.55,-0.55,39.2,1,1.21,-0.21,82.6,3,1.55,1.45,64.5,47.6,0.6,0.2,2020,3
3,BUR,0,0,0.35,0,0.15,0.5,-0.5,188.0,0,0.71,-0.71,132.4,1,0.63,0.37,149.2,134.3,0.6,0.0,2020,3
4,CHE,3,2,1.37,1,0.66,2.04,0.96,47.1,2,1.34,0.66,71.6,3,0.58,2.42,165.5,64.0,0.3,0.3,2020,3
5,CRY,1,0,0.11,1,0.32,0.43,0.57,220.9,1,0.43,0.57,220.9,2,1.94,0.06,49.0,52.8,0.7,0.5,2020,3
6,EVE,2,1,0.66,0,0.49,1.94,0.06,49.0,1,0.68,0.32,139.7,1,0.43,0.57,220.9,950.0,0.1,0.3,2020,3
7,FUL,0,0,0.62,0,0.1,0.72,-0.72,130.6,0,0.84,-0.84,111.9,3,1.42,1.58,66.2,52.2,1.0,0.5,2020,3
8,LEE,1,1,0.96,0,0.21,1.17,-0.17,81.2,1,0.77,0.23,123.4,0,1.4,-1.4,67.9,118.8,0.8,0.6,2020,3
9,LEI,5,2,0.49,0,0.0,2.85,2.15,33.3,2,0.34,1.66,279.4,2,0.87,1.13,109.2,73.1,0.4,0.4,2020,3
10,LIV,3,3,2.56,0,0.15,2.71,0.29,34.3,1,0.84,0.16,110.7,1,1.26,-0.26,73.8,46.5,1.3,0.0,2020,3
11,MCI,2,0,0.44,2,0.43,0.87,1.13,109.2,1,0.85,0.15,111.8,5,2.85,2.15,33.3,21.6,0.5,0.0,2020,3
12,MUN,3,0,0.59,1,0.17,1.55,1.45,64.5,1,0.46,0.54,217.4,2,2.55,-0.55,39.2,43.5,1.4,0.4,2020,3
13,NEW,1,0,0.11,0,0.12,1.01,-0.01,98.0,0,0.26,-0.26,380.8,1,2.95,-1.95,33.6,38.1,1.6,1.4,2020,3
14,SHU,0,0,0.82,0,0.57,1.4,-1.4,67.9,0,0.87,-0.87,109.2,1,1.17,-0.17,81.2,79.2,1.0,0.2,2020,3
15,SOU,1,1,0.59,0,0.04,0.63,0.37,149.2,1,0.51,0.49,184.3,0,0.5,-0.5,188.0,235.0,0.3,0.1,2020,3
16,TOT,1,1,1.58,0,1.37,2.95,-1.95,33.6,1,1.56,-0.56,63.5,1,1.01,-0.01,98.0,99.0,0.1,0.1,2020,3
17,WBA,3,2,0.3,1,0.27,0.58,2.42,165.5,2,0.47,1.53,204.3,3,2.04,0.96,47.1,38.4,1.4,0.7,2020,3
18,WHU,4,2,2.06,2,0.29,2.36,1.64,40.3,2,0.82,1.18,115.9,0,0.46,-0.46,206.5,316.7,0.4,0.1,2020,3
19,WOL,0,0,0.4,0,0.06,0.46,-0.46,206.5,0,0.45,-0.45,211.1,4,2.36,1.64,40.3,55.9,2.1,0.3,2020,3
0,ARS,2,2,0.56,0,0.0,0.56,1.44,169.6,2,0.62,1.38,153.2,1,0.19,0.81,500.0,237.5,0.2,0.0,2020,4
1,AVL,7,5,2.25,2,0.45,2.7,4.3,34.8,6,1.36,4.64,69.1,2,1.78,0.22,52.8,44.8,1.7,0.1,2020,4
2,BHA,2,2,1.26,0,0.09,1.35,0.65,69.6,1,0.61,0.39,154.1,4,1.6,2.4,58.8,37.6,1.1,0.5,2020,4
3,BUR,1,0,0.14,1,0.3,0.43,0.57,220.9,0,0.58,-0.58,163.8,3,1.83,1.17,51.9,39.6,1.0,0.0,2020,4
4,CHE,4,1,0.82,1,0.28,2.68,1.32,34.7,1,0.78,0.22,119.2,0,0.15,-0.15,620.0,inf,0.1,0.1,2020,4
5,CRY,0,0,0.09,0,0.06,0.15,-0.15,620.0,0,0.41,-0.41,226.8,4,2.68,1.32,34.7,37.2,0.8,0.3,2020,4
6,EVE,4,2,1.14,2,0.46,1.6,2.4,58.8,4,1.57,2.43,59.9,2,1.35,0.65,69.6,72.3,1.3,0.1,2020,4
7,FUL,0,0,0.6,0,0.29,0.89,-0.89,106.7,0,0.5,-0.5,190.0,1,1.25,-0.25,76.0,73.1,1.0,0.2,2020,4
8,LEE,1,0,2.01,1,0.42,2.43,-1.43,38.7,0,0.87,-0.87,108.0,1,1.21,-0.21,77.7,313.3,1.0,0.2,2020,4
9,LEI,0,0,0.57,0,0.0,0.57,-0.57,166.7,0,0.54,-0.54,175.9,3,2.01,0.99,47.3,35.2,1.5,0.5,2020,4
10,LIV,2,2,1.71,0,0.07,1.78,0.22,52.8,1,1.3,-0.3,72.3,7,2.7,4.3,34.8,19.6,2.3,0.4,2020,4
11,MCI,1,1,0.98,0,0.23,1.21,-0.21,77.7,1,1.04,-0.04,90.4,1,2.43,-1.43,38.7,28.5,2.0,0.4,2020,4
12,MUN,1,0,0.1,0,0.06,0.95,0.05,97.9,0,0.36,-0.36,258.3,6,3.51,2.49,26.5,18.2,1.9,0.9,2020,4
13,NEW,3,2,1.04,0,0.0,1.83,1.17,51.9,2,0.72,1.28,131.9,1,0.43,0.57,220.9,158.3,0.1,0.3,2020,4
14,SHU,1,1,0.16,0,0.03,0.19,0.81,500.0,1,0.26,0.74,365.4,2,0.56,1.44,169.6,47.5,0.6,0.0,2020,4
15,SOU,2,2,1.05,0,0.18,1.23,0.77,76.4,1,0.72,0.28,130.6,0,0.19,-0.19,494.7,940.0,0.1,0.1,2020,4
16,TOT,6,4,1.87,1,0.85,3.51,2.49,26.5,4,0.74,3.26,125.7,1,0.95,0.05,97.9,71.5,0.1,0.1,2020,4
17,WBA,0,0,0.1,0,0.09,0.19,-0.19,494.7,0,0.25,-0.25,376.0,2,1.23,0.77,76.4,49.5,1.0,0.2,2020,4
18,WHU,3,2,1.53,0,0.48,2.01,0.99,47.3,3,0.64,2.36,148.4,0,0.57,-0.57,166.7,135.7,0.6,0.0,2020,4
19,WOL,1,1,1.04,0,0.21,1.25,-0.25,76.0,0,0.44,-0.44,215.9,0,0.89,-0.89,106.7,105.6,0.6,0.3,2020,4
0,ARS,0,0,0.56,0,0.33,0.9,-0.9,105.6,0,0.58,-0.58,163.8,1,1.3,-0.3,73.1,59.4,1.3,0.0,2020,5
1,AVL,1,1,0.4,0,0.33,0.73,0.27,130.1,1,0.82,0.18,115.9,0,0.61,-0.61,155.7,135.7,0.3,0.3,2020,5
2,BHA,1,1,0.84,0,0.91,1.75,-0.75,57.7,1,1.08,-0.08,93.5,1,0.79,0.21,127.8,101.0,0.0,0.0,2020,5
3,BUR,0,0,0.83,0,0.26,1.09,-1.09,86.2,0,0.47,-0.47,200.0,0,0.83,-0.83,113.3,85.5,0.2,0.6,2020,5
4,CHE,3,3,1.58,0,0.18,1.76,1.24,54.0,2,0.72,1.28,131.9,3,1.88,1.12,50.5,35.2,1.7,0.2,2020,5
5,CRY,1,0,0.0,0,0.0,0.79,0.21,127.8,0,0.15,-0.15,673.3,1,1.75,-0.75,57.7,202.0,0.8,0.9,2020,5
6,EVE,2,1,1.02,1,0.21,1.23,0.77,78.9,2,0.95,1.05,102.1,2,2.65,-0.65,36.6,40.4,2.3,0.3,2020,5
7,FUL,1,1,0.44,0,0.27,1.49,-0.49,64.4,0,0.6,-0.6,160.0,1,1.65,-0.65,58.2,60.0,0.9,0.0,2020,5
8,LEE,0,0,0.88,0,0.17,1.06,-1.06,91.5,0,1.07,-1.07,90.7,1,0.43,0.57,225.6,121.3,0.3,0.1,2020,5
9,LEI,0,0,0.29,0,0.32,0.61,-0.61,155.7,0,0.3,-0.3,316.7,1,0.73,0.27,130.1,158.3,0.4,0.3,2020,5
10,LIV,2,2,2.31,0,0.34,2.65,-0.65,36.6,1,1.23,-0.23,78.9,2,1.23,0.77,78.9,80.8,1.0,0.2,2020,5
11,MCI,1,1,1.26,0,0.04,1.3,-0.3,73.1,0,0.66,-0.66,143.9,0,0.9,-0.9,105.6,316.7,0.6,0.3,2020,5
12,MUN,4,2,1.21,1,0.29,2.29,1.71,42.4,4,0.94,3.06,103.2,1,0.85,0.15,114.1,69.3,0.8,0.0,2020,5
13,NEW,1,1,0.83,0,0.02,0.85,0.15,114.1,0,0.77,-0.77,126.0,4,2.29,1.71,42.4,27.7,1.2,0.3,2020,5
14,SHU,1,0,0.86,0,0.0,1.65,-0.65,58.2,0,0.46,-0.46,208.7,1,1.49,-0.49,64.4,137.1,0.4,0.3,2020,5
15,SOU,3,2,1.7,1,0.18,1.88,1.12,50.5,2,0.46,1.54,206.5,3,1.76,1.24,54.0,47.5,1.6,0.2,2020,5
16,TOT,3,3,1.65,0,0.05,1.69,1.31,56.2,3,0.84,2.16,113.1,3,1.9,1.1,50.0,86.4,1.1,0.8,2020,5
17,WBA,0,0,0.25,0,0.59,0.83,-0.83,113.3,0,0.53,-0.53,177.4,0,1.09,-1.09,86.2,470.0,0.8,0.3,2020,5
18,WHU,3,1,1.06,2,0.85,1.9,1.1,50.0,1,0.99,0.01,96.0,3,1.69,1.31,56.2,39.6,1.6,0.0,2020,5
19,WOL,1,1,0.31,0,0.12,0.43,0.57,225.6,1,0.18,0.82,538.9,0,1.06,-1.06,91.5,970.0,0.9,0.2,2020,5
0,ARS,0,0,0.38,0,0.35,0.72,-0.72,133.3,0,0.67,-0.67,143.3,1,0.71,0.29,135.2,320.0,0.7,0.1,2020,6
1,AVL,0,0,1.37,0,0.08,1.45,-1.45,65.5,0,0.63,-0.63,150.8,3,2.75,0.25,34.5,35.2,2.4,0.4,2020,6
2,BHA,1,1,0.48,0,0.02,0.5,0.5,188.0,0,0.47,-0.47,200.0,1,0.35,0.65,268.6,470.0,0.3,0.0,2020,6
3,BUR,0,0,0.38,0,0.62,1.01,-1.01,94.1,0,0.72,-0.72,131.9,1,0.6,0.4,158.3,95.0,0.4,0.2,2020,6
4,CHE,0,0,0.18,0,0.04,0.22,-0.22,431.8,0,0.16,-0.16,593.8,0,0.66,-0.66,143.9,118.8,0.5,0.2,2020,6
5,CRY,2,2,2.43,0,0.13,2.56,-0.56,37.9,2,1.92,0.08,50.5,1,1.07,-0.07,90.7,161.7,0.8,0.3,2020,6
6,EVE,0,0,0.24,0,0.13,0.36,-0.36,266.7,0,0.45,-0.45,213.3,2,0.66,1.34,145.5,192.0,0.6,0.1,2020,6
7,FUL,1,1,0.8,0,0.26,1.07,-0.07,90.7,1,0.66,0.34,147.0,2,2.56,-0.56,37.9,37.3,2.4,0.1,2020,6
8,LEE,3,3,2.37,0,0.37,2.75,0.25,34.5,2,2.06,-0.06,46.1,0,1.45,-1.45,65.5,158.3,1.4,0.1,2020,6
9,LEI,1,1,0.66,0,0.05,0.71,0.29,135.2,1,0.61,0.39,157.4,0,0.72,-0.72,133.3,320.0,0.4,0.3,2020,6
10,LIV,2,2,2.09,0,0.2,2.29,-0.29,41.0,1,0.93,0.07,101.1,1,1.57,-0.57,59.9,94.0,0.7,0.0,2020,6
11,MCI,1,1,0.89,0,0.09,0.98,0.02,95.9,1,1.02,-0.02,92.2,1,0.28,0.72,335.7,470.0,0.3,0.0,2020,6
12,MUN,0,0,0.48,0,0.18,0.66,-0.66,143.9,0,0.57,-0.57,166.7,0,0.22,-0.22,431.8,inf,0.2,0.0,2020,6
13,NEW,1,0,0.19,1,0.08,0.27,0.73,348.1,0,0.25,-0.25,376.0,1,0.7,0.3,134.3,156.7,0.7,0.0,2020,6
14,SHU,1,0,0.73,0,0.05,1.57,-0.57,59.9,0,0.52,-0.52,180.8,2,2.29,-0.29,41.0,42.7,2.1,0.2,2020,6
15,SOU,2,2,0.58,0,0.08,0.66,1.34,145.5,2,0.71,1.29,135.2,0,0.36,-0.36,266.7,960.0,0.2,0.1,2020,6
16,TOT,1,0,0.36,1,0.25,0.6,0.4,158.3,1,0.64,0.36,148.4,0,1.01,-1.01,94.1,118.8,0.4,0.6,2020,6
17,WBA,1,1,0.32,0,0.03,0.35,0.65,268.6,0,0.73,-0.73,128.8,1,0.5,0.5,188.0,117.5,0.5,0.0,2020,6
18,WHU,1,1,0.28,0,0.0,0.28,0.72,335.7,1,0.22,0.78,427.3,1,0.98,0.02,95.9,85.5,0.9,0.1,2020,6
19,WOL,1,0,0.65,1,0.05,0.7,0.3,134.3,0,0.45,-0.45,208.9,1,0.27,0.73,348.1,235.0,0.2,0.1,2020,6
0,ARS,1,0,0.24,0,0.02,1.04,-0.04,91.3,0,0.41,-0.41,231.7,0,0.4,-0.4,237.5,950.0,0.2,0.2,2020,7
1,AVL,3,1,0.7,1,0.47,1.96,1.04,49.5,2,0.92,1.08,105.4,4,0.73,3.27,132.9,44.1,0.2,0.5,2020,7
2,BHA,1,1,0.14,0,0.16,0.3,0.7,320.0,1,0.59,0.41,162.7,2,1.75,0.25,54.9,56.5,0.4,0.6,2020,7
3,BUR,0,0,0.47,0,0.03,0.5,-0.5,186.0,0,0.34,-0.34,273.5,3,0.88,2.12,105.7,42.3,0.6,0.3,2020,7
4,CHE,3,2,0.62,1,0.26,0.88,2.12,105.7,3,0.86,2.14,108.1,0,0.5,-0.5,186.0,inf,0.5,0.0,2020,7
5,CRY,0,0,0.38,0,0.27,0.66,-0.66,143.9,0,0.72,-0.72,131.9,2,1.28,0.72,74.2,79.2,1.2,0.1,2020,7
6,EVE,1,1,1.29,0,0.17,1.46,-0.46,66.4,0,1.0,-1.0,97.0,2,2.97,-0.97,32.7,35.9,2.0,0.2,2020,7
7,FUL,2,2,1.43,0,0.02,1.45,0.55,64.8,2,0.86,1.14,109.3,0,0.49,-0.49,191.8,inf,0.4,0.1,2020,7
8,LEE,1,0,1.95,1,0.18,2.13,-1.13,44.6,1,1.19,-0.19,79.8,4,2.86,1.14,33.2,25.0,2.1,0.0,2020,7
9,LEI,4,3,2.07,0,0.0,2.86,1.14,33.2,2,1.29,0.71,73.6,1,2.13,-1.13,44.6,50.0,1.9,0.2,2020,7
10,LIV,2,1,0.65,0,0.21,1.65,0.35,58.2,1,1.05,-0.05,91.4,1,0.25,0.75,384.0,160.0,0.2,0.1,2020,7
11,MCI,1,1,1.26,0,0.38,1.64,-0.64,57.3,1,1.31,-0.31,71.8,0,0.49,-0.49,191.8,313.3,0.5,0.2,2020,7
12,MUN,0,0,0.22,0,0.18,0.4,-0.4,237.5,0,0.71,-0.71,133.8,1,1.04,-0.04,91.3,95.0,0.2,0.0,2020,7
13,NEW,2,1,2.03,0,0.15,2.97,-0.97,32.7,0,0.48,-0.48,202.1,1,1.46,-0.46,66.4,88.2,1.3,0.2,2020,7
14,SHU,0,0,0.49,0,0.23,0.49,-0.49,191.8,0,0.24,-0.24,391.7,1,1.64,-0.64,57.3,42.7,1.3,0.4,2020,7
15,SOU,4,1,0.2,3,0.53,0.73,3.27,132.9,2,0.36,1.64,269.4,3,1.96,1.04,49.5,29.4,0.7,0.5,2020,7
16,TOT,2,1,0.36,0,0.6,1.75,0.25,54.9,1,0.33,0.67,290.9,1,0.3,0.7,320.0,120.0,0.1,0.2,2020,7
17,WBA,0,0,0.43,0,0.06,0.49,-0.49,191.8,0,0.46,-0.46,204.3,2,1.45,0.55,64.8,55.3,1.4,0.0,2020,7
18,WHU,1,1,0.2,0,0.05,0.25,0.75,384.0,0,0.1,-0.1,960.0,2,1.65,0.35,58.2,40.0,0.7,0.2,2020,7
19,WOL,2,2,1.17,0,0.11,1.28,0.72,74.2,1,1.13,-0.13,84.1,0,0.66,-0.66,143.9,950.0,0.4,0.3,2020,7
0,ARS,0,0,1.12,0,0.35,1.47,-1.47,63.9,0,0.6,-0.6,156.7,3,1.81,1.19,51.9,58.8,1.7,0.1,2020,8
1,AVL,3,2,1.74,0,0.07,1.81,1.19,51.9,2,1.11,0.89,84.7,0,1.47,-1.47,63.9,156.7,1.1,0.3,2020,8
2,BHA,0,0,1.3,0,0.18,1.47,-1.47,63.3,0,1.09,-1.09,85.3,0,0.46,-0.46,202.2,930.0,0.1,0.3,2020,8
3,BUR,0,0,0.12,0,0.33,0.46,-0.46,202.2,0,0.53,-0.53,175.5,0,1.47,-1.47,63.3,155.0,1.3,0.2,2020,8
4,CHE,4,2,1.27,2,0.95,2.22,1.78,41.9,4,1.65,2.35,56.4,1,0.43,0.57,216.3,116.3,0.2,0.3,2020,8
5,CRY,4,2,0.74,2,0.14,0.88,3.12,106.8,2,0.41,1.59,229.3,1,0.85,0.15,110.6,78.3,0.5,0.3,2020,8
6,EVE,1,1,0.37,0,0.03,0.4,0.6,240.0,0,0.65,-0.65,147.7,3,1.54,1.46,62.3,40.0,1.1,0.4,2020,8
7,FUL,0,0,0.64,0,0.35,1.78,-1.78,55.1,0,0.98,-0.98,100.0,1,1.31,-0.31,74.8,98.0,0.8,0.5,2020,8
8,LEE,1,1,0.5,0,0.35,0.85,0.15,110.6,1,0.8,0.2,117.5,4,0.88,3.12,106.8,49.5,0.7,0.1,2020,8
9,LEI,1,0,0.27,0,0.12,1.96,-0.96,49.0,0,0.28,-0.28,342.9,0,0.83,-0.83,115.7,240.0,0.5,0.3,2020,8
10,LIV,1,0,0.3,0,0.11,1.21,-0.21,78.5,0,0.37,-0.37,256.8,1,1.42,-0.42,66.9,316.7,0.6,0.0,2020,8
11,MCI,1,1,0.63,0,0.0,1.42,-0.42,66.9,1,0.63,0.37,150.8,1,1.21,-0.21,78.5,79.2,0.3,0.1,2020,8
12,MUN,3,2,1.13,0,0.41,1.54,1.46,62.3,3,0.92,2.08,104.3,1,0.4,0.6,240.0,320.0,0.4,0.0,2020,8
13,NEW,0,0,0.11,0,0.21,0.32,-0.32,290.6,0,0.25,-0.25,372.0,2,0.74,1.26,125.7,116.3,0.6,0.2,2020,8
14,SHU,1,0,0.15,1,0.28,0.43,0.57,216.3,1,0.16,0.84,581.3,4,2.22,1.78,41.9,33.2,1.3,0.9,2020,8
15,SOU,2,2,0.56,0,0.19,0.74,1.26,125.7,1,0.59,0.41,157.6,0,0.32,-0.32,290.6,310.0,0.1,0.2,2020,8
16,TOT,1,1,1.61,0,0.29,1.9,-0.9,50.5,1,0.72,0.28,133.3,0,0.81,-0.81,118.5,480.0,0.5,0.3,2020,8
17,WBA,0,0,0.52,0,0.3,0.81,-0.81,118.5,0,0.54,-0.54,177.8,1,1.9,-0.9,50.5,87.3,1.6,0.3,2020,8
18,WHU,1,1,0.79,0,0.52,1.31,-0.31,74.8,1,1.42,-0.42,69.0,0,1.78,-1.78,55.1,70.0,0.6,0.4,2020,8
19,WOL,0,0,0.51,0,0.32,0.83,-0.83,115.7,0,0.83,-0.83,115.7,1,1.96,-0.96,49.0,48.0,0.3,0.1,2020,8
0,ARS,0,0,0.64,0,0.22,0.86,-0.86,112.8,0,0.53,-0.53,183.0,0,1.82,-1.82,53.3,121.3,1.7,0.2,2020,9
1,AVL,1,0,1.18,1,0.51,1.7,-0.7,57.6,1,0.77,0.23,127.3,2,1.43,0.57,68.5,57.6,1.4,0.0,2020,9
2,BHA,2,2,1.43,0,0.0,1.43,0.57,68.5,2,0.68,1.32,144.1,1,1.7,-0.7,57.6,70.0,1.2,0.5,2020,9
3,BUR,1,1,1.39,0,0.06,1.45,-0.45,66.9,0,0.8,-0.8,121.3,0,1.57,-1.57,61.8,74.6,0.6,1.0,2020,9
4,CHE,2,0,1.37,1,0.1,1.46,0.54,64.4,1,0.64,0.36,146.9,0,0.35,-0.35,268.6,470.0,0.3,0.0,2020,9
5,CRY,0,0,0.59,0,0.99,1.57,-1.57,61.8,0,0.72,-0.72,134.7,1,1.45,-0.45,66.9,121.3,1.4,0.1,2020,9
6,EVE,3,3,1.94,0,0.09,2.02,0.98,47.5,2,1.85,0.15,51.9,2,1.94,0.06,49.5,64.0,1.2,0.0,2020,9
7,FUL,2,2,1.15,0,0.0,1.94,0.06,49.5,2,0.86,1.14,111.6,3,2.02,0.98,47.5,27.4,1.9,0.1,2020,9
8,LEE,0,0,1.67,0,0.15,1.82,-1.82,53.3,0,1.25,-1.25,77.6,0,0.86,-0.86,112.8,242.5,0.6,0.2,2020,9
9,LEI,0,0,0.67,0,0.9,1.57,-1.57,60.5,0,0.42,-0.42,226.2,3,3.27,-0.27,29.1,50.0,2.6,0.7,2020,9
10,LIV,3,1,2.59,2,0.69,3.27,-0.27,29.1,2,1.41,0.59,67.4,0,1.57,-1.57,60.5,67.9,0.7,0.9,2020,9
11,MCI,0,0,0.76,0,0.71,1.47,-1.47,63.9,0,1.43,-1.43,65.7,2,0.71,1.29,132.4,94.0,0.6,0.1,2020,9
12,MUN,1,0,1.16,0,0.44,2.39,-1.39,39.7,0,2.51,-2.51,37.8,0,0.64,-0.64,148.4,135.7,0.5,0.2,2020,9
13,NEW,0,0,0.32,0,0.03,0.35,-0.35,268.6,0,0.28,-0.28,335.7,2,1.46,0.54,64.4,72.3,1.4,0.1,2020,9
14,SHU,0,0,0.85,0,0.04,0.89,-0.89,105.6,0,0.5,-0.5,188.0,1,2.16,-1.16,43.5,188.0,1.8,0.4,2020,9
15,SOU,1,1,0.96,0,0.05,1.01,-0.01,93.1,1,1.24,-0.24,75.8,1,1.55,-0.55,60.6,72.3,0.9,0.6,2020,9
16,TOT,2,1,0.65,0,0.06,0.71,1.29,132.4,2,0.38,1.62,247.4,0,1.47,-1.47,63.9,188.0,0.8,0.7,2020,9
17,WBA,0,0,0.46,0,0.18,0.64,-0.64,148.4,0,0.4,-0.4,237.5,1,2.39,-1.39,39.7,36.5,1.2,0.4,2020,9
18,WHU,1,1,1.79,0,0.37,2.16,-1.16,43.5,0,1.64,-1.64,57.3,0,0.89,-0.89,105.6,104.4,0.8,0.0,2020,9
19,WOL,1,1,0.91,0,0.64,1.55,-0.55,60.6,0,0.57,-0.57,164.9,1,1.01,-0.01,93.1,156.7,1.0,0.0,2020,9
0,ARS,1,0,1.16,1,0.37,1.53,-0.53,62.1,1,1.64,-0.64,57.9,2,1.78,0.22,53.4,52.8,1.7,0.1,2020,10
1,AVL,1,1,1.31,0,0.41,2.5,-1.5,39.2,1,1.57,-0.57,62.4,2,0.41,1.59,239.0,196.0,0.2,0.2,2020,10
2,BHA,1,0,0.54,0,0.16,2.28,-1.28,43.0,0,0.47,-0.47,208.5,1,0.24,0.76,408.3,196.0,0.2,0.0,2020,10
3,BUR,0,0,0.3,0,0.19,0.49,-0.49,191.8,0,0.31,-0.31,303.2,5,1.7,3.3,55.3,33.6,1.3,0.4,2020,10
4,CHE,0,0,0.67,0,0.15,0.83,-0.83,113.3,0,0.9,-0.9,104.4,0,0.19,-0.19,494.7,940.0,0.1,0.1,2020,10
5,CRY,0,0,0.46,0,0.14,0.61,-0.61,154.1,0,0.75,-0.75,125.3,2,1.29,0.71,72.9,104.4,1.1,0.2,2020,10
6,EVE,0,0,0.86,0,0.36,1.22,-1.22,77.0,0,0.74,-0.74,127.0,1,3.21,-2.21,29.3,40.9,3.2,0.0,2020,10
7,FUL,2,0,1.31,0,0.14,2.24,-0.24,42.9,1,0.52,0.48,184.6,1,1.18,-0.18,81.4,106.7,0.4,0.8,2020,10
8,LEE,1,1,3.21,0,0.0,3.21,-2.21,29.3,1,1.39,-0.39,67.6,0,1.22,-1.22,77.0,67.1,0.9,0.4,2020,10
9,LEI,1,1,0.41,0,0.77,1.18,-0.18,81.4,1,1.08,-0.08,88.9,2,2.24,-0.24,42.9,45.7,1.3,0.1,2020,10
10,LIV,1,1,0.22,0,0.02,0.24,0.76,408.3,1,0.2,0.8,490.0,1,2.28,-1.28,43.0,75.4,0.5,0.2,2020,10
11,MCI,5,4,1.26,1,0.44,1.7,3.3,55.3,5,1.46,3.54,64.4,0,0.49,-0.49,191.8,inf,0.3,0.2,2020,10
12,MUN,3,1,1.82,2,0.29,2.11,0.89,45.5,2,1.15,0.85,83.5,2,0.46,1.54,208.7,240.0,0.2,0.2,2020,10
13,NEW,2,1,1.09,0,0.2,1.29,0.71,72.9,2,0.45,1.55,208.9,0,0.61,-0.61,154.1,235.0,0.5,0.1,2020,10
14,SHU,0,0,2.64,0,0.48,3.12,-3.12,31.4,0,1.58,-1.58,62.0,1,1.29,-0.29,76.0,108.9,0.4,0.9,2020,10
15,SOU,2,0,0.24,2,0.22,0.46,1.54,208.7,1,0.17,0.83,564.7,3,2.11,0.89,45.5,60.0,1.8,0.3,2020,10
16,TOT,0,0,0.1,0,0.09,0.19,-0.19,494.7,0,0.32,-0.32,293.8,0,0.83,-0.83,113.3,235.0,0.7,0.2,2020,10
17,WBA,1,0,0.36,1,0.92,1.29,-0.29,76.0,0,1.02,-1.02,96.1,0,3.12,-3.12,31.4,89.1,2.6,0.5,2020,10
18,WHU,2,1,0.21,1,0.2,0.41,1.59,239.0,2,0.34,1.66,288.2,1,2.5,-1.5,39.2,46.7,1.3,0.4,2020,10
19,WOL,2,2,1.69,0,0.09,1.78,0.22,53.4,0,1.17,-1.17,81.2,1,1.53,-0.53,62.1,316.7,1.2,0.4,2020,10
0,ARS,0,0,0.46,0,0.16,0.62,-0.62,151.6,0,1.08,-1.08,87.0,2,0.27,1.73,348.1,104.4,0.2,0.1,2020,11
1,BHA,1,0,1.01,0,0.15,1.94,-0.94,49.0,0,0.83,-0.83,114.5,2,1.41,0.59,67.4,67.9,0.5,0.1,2020,11
2,BUR,1,1,0.6,0,0.2,0.79,0.21,120.3,1,0.69,0.31,137.7,1,2.21,-1.21,43.0,32.8,2.2,0.0,2020,11
3,CHE,3,1,2.64,1,1.56,4.21,-1.21,22.6,3,1.54,1.46,61.7,1,0.79,0.21,120.3,118.8,0.7,0.1,2020,11
4,CRY,5,4,1.14,1,0.53,1.67,3.33,56.3,4,2.02,1.98,46.5,1,0.66,0.34,142.4,188.0,0.3,0.3,2020,11
5,EVE,1,1,2.19,0,0.02,2.21,-1.21,43.0,1,1.46,-0.46,65.1,1,0.79,0.21,120.3,79.2,0.6,0.2,2020,11
6,FUL,0,0,0.13,0,0.16,0.29,-0.29,320.7,0,0.2,-0.2,465.0,2,2.86,-0.86,32.5,34.4,1.7,0.4,2020,11
7,LEE,1,1,0.69,0,0.1,0.79,0.21,120.3,1,0.85,0.15,111.8,3,4.21,-1.21,22.6,26.4,2.6,1.6,2020,11
8,LEI,2,2,1.21,0,0.21,1.42,0.58,66.9,1,1.09,-0.09,87.2,1,0.24,0.76,395.8,237.5,0.1,0.2,2020,11
9,LIV,4,2,0.81,1,0.39,1.2,2.8,78.3,2,1.03,0.97,91.3,0,0.4,-0.4,235.0,104.4,0.3,0.1,2020,11
10,MCI,2,1,1.7,0,0.38,2.86,-0.86,32.5,1,1.12,-0.12,83.0,0,0.29,-0.29,320.7,232.5,0.1,0.2,2020,11
11,MUN,3,2,1.67,0,0.0,1.67,1.33,57.5,3,0.61,2.39,157.4,1,2.08,-1.08,46.2,68.6,1.4,0.7,2020,11
12,SHU,1,0,0.08,1,0.16,0.24,0.76,395.8,1,0.6,0.4,158.3,2,1.42,0.58,66.9,55.9,1.2,0.2,2020,11
13,SOU,2,0,0.52,1,0.1,1.41,0.59,67.4,1,0.43,0.57,220.9,1,1.94,-0.94,49.0,52.8,1.0,0.1,2020,11
14,TOT,2,1,0.21,0,0.06,0.27,1.73,348.1,2,0.1,1.9,940.0,0,0.62,-0.62,151.6,940.0,0.5,0.2,2020,11
15,WBA,1,1,0.34,0,0.32,0.66,0.34,142.4,1,0.63,0.37,149.2,5,1.67,3.33,56.3,62.7,1.1,0.5,2020,11
16,WHU,1,0,1.36,1,0.73,2.08,-1.08,46.2,1,0.72,0.28,133.3,3,1.67,1.33,57.5,60.0,1.7,0.0,2020,11
17,WOL,0,0,0.33,0,0.07,0.4,-0.4,235.0,0,0.4,-0.4,235.0,4,1.2,2.8,78.3,40.9,0.8,0.4,2020,11
0,ARS,0,0,1.34,0,0.29,1.63,-1.63,58.9,0,1.6,-1.6,60.0,1,1.47,-0.47,65.3,320.0,0.5,1.0,2020,12
1,AVL,1,0,0.35,0,0.24,1.38,-0.38,70.3,0,0.37,-0.37,262.2,0,1.13,-1.13,85.8,74.6,0.9,0.2,2020,12
2,BHA,0,0,0.63,0,0.26,0.89,-0.89,104.5,0,0.7,-0.7,132.9,3,1.56,1.44,59.6,54.7,1.4,0.2,2020,12
3,BUR,1,0,0.49,1,0.98,1.47,-0.47,65.3,0,0.83,-0.83,115.7,0,1.63,-1.63,58.9,73.8,1.3,0.3,2020,12
4,CHE,0,0,0.33,0,0.33,0.66,-0.66,145.5,0,0.61,-0.61,157.4,1,1.22,-0.22,78.7,68.6,0.2,0.2,2020,12
5,CRY,1,0,0.3,1,1.33,1.63,-0.63,58.3,0,1.02,-1.02,93.1,1,0.95,0.05,100.0,118.8,0.7,0.3,2020,12
6,EVE,1,0,0.22,0,0.21,1.22,-0.22,78.7,0,0.26,-0.26,369.2,0,0.66,-0.66,145.5,160.0,0.3,0.3,2020,12
7,FUL,1,0,1.37,1,0.12,1.49,-0.49,63.8,1,0.48,0.52,197.9,1,1.82,-0.82,52.2,55.9,0.9,0.1,2020,12
8,LEE,1,0,0.57,0,0.2,1.56,-0.56,60.9,0,0.69,-0.69,137.7,2,1.33,0.67,71.4,79.2,0.9,0.5,2020,12
9,LEI,3,3,1.4,0,0.16,1.56,1.44,59.6,3,0.87,2.13,106.9,0,0.89,-0.89,104.5,155.0,0.6,0.3,2020,12
10,LIV,1,0,0.89,0,0.15,1.82,-0.82,52.2,0,0.88,-0.88,108.0,1,1.49,-0.49,63.8,52.8,1.4,0.1,2020,12
11,MCI,0,0,1.25,0,0.07,1.33,-1.33,69.9,0,0.84,-0.84,110.7,0,0.64,-0.64,145.3,465.0,0.3,0.3,2020,12
12,MUN,0,0,0.33,0,0.31,0.64,-0.64,145.3,0,0.39,-0.39,238.5,0,1.33,-1.33,69.9,186.0,1.3,0.1,2020,12
13,NEW,2,2,0.58,0,0.23,0.81,1.19,119.8,2,0.56,1.44,173.2,1,0.63,0.37,154.0,161.7,0.4,0.2,2020,12
14,SHU,0,0,0.13,0,0.18,0.32,-0.32,293.8,0,0.35,-0.35,268.6,3,1.99,1.01,47.2,39.2,1.4,0.6,2020,12
15,SOU,3,2,1.42,1,0.58,1.99,1.01,47.2,3,1.66,1.34,56.6,0,0.32,-0.32,293.8,inf,0.1,0.2,2020,12
16,TOT,1,1,0.7,0,0.26,0.95,0.05,100.0,1,0.7,0.3,135.7,1,1.63,-0.63,58.3,79.2,0.3,1.3,2020,12
17,WBA,1,1,0.44,0,0.19,0.63,0.37,154.0,1,0.34,0.66,285.3,2,0.81,1.19,119.8,57.1,0.6,0.2,2020,12
18,WHU,2,0,0.86,2,0.47,1.33,0.67,71.4,2,1.09,0.91,87.2,1,1.56,-0.56,60.9,73.1,0.6,0.2,2020,12
19,WOL,0,0,0.9,0,0.23,1.13,-1.13,85.8,0,0.69,-0.69,140.6,1,1.38,-0.38,70.3,88.2,0.4,0.2,2020,12
0,ARS,1,1,0.54,0,0.06,0.6,0.4,158.3,1,0.33,0.67,287.9,1,1.18,-0.18,80.5,316.7,1.1,0.1,2020,13
1,AVL,0,0,1.09,0,0.46,1.55,-1.55,60.0,0,0.72,-0.72,129.2,0,0.33,-0.33,281.8,232.5,0.2,0.1,2020,13
2,BHA,0,0,0.12,0,0.36,0.48,-0.48,193.8,0,0.57,-0.57,163.2,0,1.0,-1.0,93.0,84.5,0.8,0.2,2020,13
3,BUR,0,0,0.19,0,0.14,0.33,-0.33,281.8,0,0.22,-0.22,422.7,0,1.55,-1.55,60.0,116.3,1.1,0.5,2020,13
4,CHE,1,1,0.33,0,0.71,1.05,-0.05,94.3,1,0.75,0.25,132.0,2,0.5,1.5,198.0,141.4,0.4,0.1,2020,13
5,CRY,1,1,1.04,0,0.08,1.12,-0.12,84.8,1,0.83,0.17,114.5,1,0.44,0.56,215.9,105.6,0.4,0.0,2020,13
6,EVE,2,1,0.23,1,1.18,1.41,0.59,67.4,1,0.5,0.5,190.0,0,0.85,-0.85,111.8,475.0,0.7,0.2,2020,13
7,FUL,0,0,0.82,0,0.18,1.0,-1.0,93.0,0,0.31,-0.31,300.0,0,0.48,-0.48,193.8,232.5,0.1,0.4,2020,13
8,LEE,5,3,2.49,0,0.24,2.73,2.27,34.8,4,1.39,2.61,68.3,2,1.6,0.4,59.4,43.2,1.4,0.2,2020,13
9,LEI,0,0,0.7,0,0.15,0.85,-0.85,111.8,0,0.6,-0.6,158.3,2,1.41,0.59,67.4,52.8,0.2,1.2,2020,13
10,LIV,2,1,0.79,1,0.19,0.98,1.02,95.9,1,1.12,-0.12,83.9,1,1.16,-0.16,81.0,117.5,1.0,0.2,2020,13
11,MCI,1,1,1.69,0,0.53,2.22,-1.22,42.8,1,1.65,-0.65,57.6,1,0.47,0.53,202.1,135.7,0.3,0.1,2020,13
12,MUN,3,3,1.79,0,0.14,1.93,1.07,49.7,2,0.7,1.3,137.1,2,1.47,0.53,65.3,64.0,1.1,0.4,2020,13
13,NEW,2,1,1.38,1,0.22,1.6,0.4,59.4,2,0.58,1.42,163.8,5,2.73,2.27,34.8,24.4,2.5,0.2,2020,13
14,SHU,2,1,1.12,1,0.35,1.47,0.53,65.3,1,1.24,-0.24,77.4,3,1.93,1.07,49.7,53.3,1.8,0.1,2020,13
15,SOU,1,1,1.12,0,0.07,1.18,-0.18,80.5,1,1.16,-0.16,81.9,1,0.6,0.4,158.3,105.6,0.5,0.1,2020,13
16,TOT,1,1,0.96,0,0.2,1.16,-0.16,81.0,1,0.34,0.66,276.5,2,0.98,1.02,95.9,40.9,0.8,0.2,2020,13
17,WBA,1,0,0.35,1,0.12,0.47,0.53,202.1,0,0.19,-0.19,500.0,1,2.22,-1.22,42.8,52.8,1.7,0.5,2020,13
18,WHU,1,1,0.4,0,0.04,0.44,0.56,215.9,1,0.53,0.47,179.2,1,1.12,-0.12,84.8,79.2,1.0,0.1,2020,13
19,WOL,2,0,0.38,1,0.12,0.5,1.5,198.0,2,0.61,1.39,162.3,1,1.05,-0.05,94.3,247.5,0.3,0.7,2020,13
0,ARS,1,0,0.49,0,0.11,1.38,-0.38,70.3,0,0.69,-0.69,140.6,2,0.64,1.36,151.6,161.7,0.3,0.3,2020,14
1,AVL,3,1,1.45,0,0.11,2.36,0.64,39.8,2,1.39,0.61,67.6,0,0.05,-0.05,1880.0,313.3,0.0,0.0,2020,14
2,BHA,1,0,1.81,1,1.06,2.88,-1.88,33.0,0,2.02,-2.02,47.0,1,0.54,0.46,175.9,237.5,0.5,0.0,2020,14
3,BUR,2,1,0.9,1,0.84,1.73,0.27,55.5,1,0.87,0.13,110.3,1,1.48,-0.48,64.9,80.0,0.5,0.2,2020,14
4,CHE,3,2,1.96,1,0.12,2.07,0.93,44.9,2,0.97,1.03,95.9,0,0.41,-0.41,226.8,inf,0.2,0.2,2020,14
5,CRY,0,0,0.12,0,0.19,0.31,-0.31,296.8,0,0.34,-0.34,270.6,7,2.56,4.44,35.9,23.0,2.0,0.5,2020,14
6,EVE,2,1,0.29,1,0.35,0.64,1.36,151.6,1,0.32,0.68,303.1,1,1.38,-0.38,70.3,97.0,0.5,0.1,2020,14
7,FUL,1,0,0.64,1,0.35,0.98,0.02,98.0,0,0.58,-0.58,165.5,1,1.39,-0.39,69.1,73.8,0.3,0.3,2020,14
8,LEE,2,1,1.56,1,0.23,1.78,0.22,52.8,2,1.24,0.76,75.8,6,3.65,2.35,25.8,26.1,2.3,0.6,2020,14
9,LEI,2,1,0.69,0,0.23,1.71,0.29,55.6,0,1.25,-1.25,76.0,0,0.74,-0.74,128.4,237.5,0.0,0.7,2020,14
10,LIV,7,4,2.05,1,0.51,2.56,4.44,35.9,7,1.09,5.91,84.4,0,0.31,-0.31,296.8,306.7,0.1,0.2,2020,14
11,MCI,1,1,0.83,0,0.04,0.87,0.13,110.3,1,0.63,0.37,152.4,0,0.73,-0.73,131.5,960.0,0.6,0.1,2020,14
12,MUN,6,3,2.26,1,0.6,3.65,2.35,25.8,4,1.1,2.9,85.5,2,1.78,0.22,52.8,55.3,1.6,0.2,2020,14
13,NEW,1,0,0.3,0,0.3,1.39,-0.39,69.1,0,0.32,-0.32,300.0,1,0.98,0.02,98.0,96.0,0.6,0.3,2020,14
14,SHU,1,1,0.51,0,0.03,0.54,0.46,175.9,1,0.29,0.71,327.6,1,2.88,-1.88,33.0,95.0,1.8,1.1,2020,14
15,SOU,0,0,0.62,0,0.11,0.73,-0.73,131.5,0,0.88,-0.88,109.1,1,0.87,0.13,110.3,80.0,0.8,0.0,2020,14
16,TOT,0,0,0.04,0,0.7,0.74,-0.74,128.4,0,0.99,-0.99,96.0,2,1.71,0.29,55.6,67.9,0.7,0.2,2020,14
17,WBA,0,0,0.0,0,0.05,0.05,-0.05,1880.0,0,0.09,-0.09,1044.4,3,2.36,0.64,39.8,32.4,1.5,0.1,2020,14
18,WHU,0,0,0.24,0,0.18,0.41,-0.41,226.8,0,1.1,-1.1,84.5,3,2.07,0.93,44.9,27.4,2.0,0.1,2020,14
19,WOL,1,0,0.46,0,0.23,1.48,-0.48,64.9,0,0.47,-0.47,204.3,2,1.73,0.27,55.5,60.0,0.9,0.8,2020,14
0,ARS,3,1,1.1,1,0.17,2.06,0.94,46.6,1,0.48,0.52,200.0,1,2.6,-1.6,36.9,43.6,1.5,0.4,2020,15
1,AVL,3,0,2.78,1,1.55,4.33,-1.33,21.7,1,1.15,-0.15,81.7,0,0.87,-0.87,108.0,117.5,0.6,0.2,2020,15
2,BHA,2,1,0.82,1,0.34,1.16,0.84,81.9,0,0.47,-0.47,202.1,2,1.29,0.71,73.6,50.0,0.7,0.6,2020,15
3,BUR,0,0,1.07,0,0.46,1.54,-1.54,61.0,0,1.36,-1.36,69.1,1,1.9,-0.9,49.5,47.0,1.1,0.0,2020,15
4,CHE,1,1,1.46,0,0.36,2.6,-1.6,36.9,1,1.25,-0.25,76.8,3,2.06,0.94,46.6,32.0,1.1,0.2,2020,15
5,CRY,0,0,0.63,0,0.24,0.87,-0.87,108.0,0,0.75,-0.75,125.3,3,4.33,-1.33,21.7,22.9,2.8,1.5,2020,15
6,EVE,1,1,0.58,0,0.12,0.7,0.3,137.1,1,0.52,0.48,184.6,0,1.36,-1.36,70.6,137.1,0.7,0.7,2020,15
7,FUL,0,0,0.66,0,0.08,0.75,-0.75,126.7,0,0.54,-0.54,175.9,0,0.17,-0.17,558.8,158.3,0.0,0.1,2020,15
8,LEE,1,0,1.09,0,0.02,1.9,-0.9,49.5,0,0.81,-0.81,116.0,0,1.54,-1.54,61.0,117.5,1.1,0.5,2020,15
9,LEI,2,2,0.29,0,0.61,0.91,1.09,104.4,1,0.64,0.36,148.4,2,1.71,0.29,55.6,45.2,1.5,0.2,2020,15
10,LIV,1,1,1.2,0,0.34,1.54,-0.54,62.3,1,1.99,-0.99,48.2,1,0.56,0.44,171.4,96.0,0.5,0.1,2020,15
11,MCI,2,2,2.85,0,0.14,2.99,-0.99,31.4,1,3.23,-2.23,29.1,0,0.27,-0.27,348.1,117.5,0.1,0.1,2020,15
12,MUN,2,2,1.5,0,0.21,1.71,0.29,55.6,2,1.09,0.91,87.2,2,0.91,1.09,104.4,190.0,0.3,0.6,2020,15
13,NEW,0,0,0.14,0,0.13,0.27,-0.27,348.1,0,0.36,-0.36,261.1,2,2.99,-0.99,31.4,26.9,2.8,0.1,2020,15
14,SHU,0,0,0.66,0,0.69,1.36,-1.36,70.6,0,0.78,-0.78,123.1,1,0.7,0.3,137.1,137.1,0.6,0.1,2020,15
15,SOU,0,0,0.03,0,0.15,0.17,-0.17,558.8,0,0.19,-0.19,500.0,0,0.75,-0.75,126.7,950.0,0.7,0.1,2020,15
16,TOT,1,0,0.18,1,0.22,0.39,0.61,248.7,1,0.47,0.53,206.4,1,0.86,0.14,112.8,64.7,0.7,0.2,2020,15
17,WBA,1,0,0.5,1,0.07,0.56,0.44,171.4,1,0.33,0.67,290.9,1,1.54,-0.54,62.3,64.0,1.2,0.3,2020,15
18,WHU,2,1,0.68,1,0.6,1.29,0.71,73.6,1,1.96,-0.96,48.5,2,1.16,0.84,81.9,59.4,0.8,0.3,2020,15
19,WOL,1,0,0.67,1,0.19,0.86,0.14,112.8,1,0.85,0.15,114.1,1,0.39,0.61,248.7,485.0,0.2,0.2,2020,15
0,ARS,1,1,0.87,0,0.23,1.11,-0.11,86.5,1,0.63,0.37,152.4,0,0.89,-0.89,107.9,320.0,0.3,0.6,2020,16
1,AVL,1,1,0.54,0,0.17,0.7,0.3,135.7,1,0.43,0.57,220.9,1,1.79,-0.79,53.1,118.8,1.6,0.2,2020,16
2,BHA,0,0,0.32,0,0.58,0.89,-0.89,107.9,0,1.39,-1.39,69.1,1,1.11,-0.11,86.5,87.3,0.9,0.2,2020,16
3,BUR,1,0,0.69,1,0.32,1.01,-0.01,94.1,1,0.52,0.48,182.7,0,0.68,-0.68,139.7,316.7,0.4,0.3,2020,16
4,CHE,1,1,1.62,0,0.17,1.79,-0.79,53.1,1,0.85,0.15,111.8,1,0.7,0.3,135.7,237.5,0.5,0.2,2020,16
5,CRY,1,1,0.2,0,0.28,0.48,0.52,197.9,1,0.39,0.61,243.6,1,1.94,-0.94,49.0,79.2,0.8,0.4,2020,16
6,LEE,5,5,1.04,0,0.19,1.23,3.77,75.6,3,0.94,2.06,98.9,0,0.47,-0.47,197.9,232.5,0.5,0.0,2020,16
7,LEI,1,1,0.79,0,0.36,1.94,-0.94,49.0,1,0.6,0.4,158.3,1,0.48,0.52,197.9,475.0,0.2,0.3,2020,16
8,LIV,0,0,1.04,0,0.37,1.4,-1.4,67.9,0,1.49,-1.49,63.8,0,0.48,-0.48,197.9,950.0,0.3,0.2,2020,16
9,MUN,1,1,1.47,0,0.04,1.51,-0.51,64.2,1,0.98,0.02,99.0,0,0.48,-0.48,202.1,107.8,0.3,0.2,2020,16
10,NEW,0,0,0.29,0,0.19,0.48,-0.48,197.9,0,0.43,-0.43,220.9,0,1.4,-1.4,67.9,73.1,1.0,0.4,2020,16
11,SHU,0,0,0.36,0,0.32,0.68,-0.68,139.7,0,0.49,-0.49,193.9,1,1.01,-0.01,94.1,105.6,0.7,0.3,2020,16
12,SOU,0,0,0.47,0,0.15,0.61,-0.61,154.1,0,0.43,-0.43,218.6,0,1.16,-1.16,81.0,94.0,1.0,0.2,2020,16
13,WBA,0,0,0.47,0,0.03,0.47,-0.47,197.9,0,0.15,-0.15,620.0,5,1.23,3.77,75.6,30.0,1.0,0.2,2020,16
14,WHU,0,0,0.98,0,0.18,1.16,-1.16,81.0,0,0.63,-0.63,149.2,0,0.61,-0.61,154.1,313.3,0.5,0.1,2020,16
15,WOL,0,0,0.28,0,0.21,0.48,-0.48,202.1,0,0.32,-0.32,303.1,1,1.51,-0.51,64.2,121.3,1.5,0.0,2020,16
0,ARS,4,4,3.6,0,0.1,3.7,0.3,25.4,3,1.61,1.39,58.4,0,0.95,-0.95,98.9,104.4,0.9,0.1,2020,17
1,AVL,1,0,0.86,1,0.54,1.41,-0.41,68.1,1,1.3,-0.3,73.8,2,2.13,-0.13,45.1,53.3,1.2,0.2,2020,17
2,BHA,3,1,0.92,1,0.5,2.2,0.8,42.7,2,1.35,0.65,69.6,3,1.57,1.43,59.9,52.2,0.7,0.1,2020,17
3,CHE,1,1,0.52,0,0.33,0.84,0.16,110.7,1,0.91,0.09,102.2,3,2.67,0.33,34.8,31.0,2.5,0.2,2020,17
4,CRY,2,2,0.53,0,0.05,0.58,1.42,165.5,1,0.79,0.21,121.5,0,0.37,-0.37,259.5,960.0,0.3,0.1,2020,17
5,EVE,0,0,0.18,0,0.22,0.41,-0.41,229.3,0,0.68,-0.68,138.2,1,1.38,-0.38,68.1,67.1,1.0,0.3,2020,17
6,LEE,0,0,1.09,0,0.05,1.14,-1.14,82.5,0,0.89,-0.89,105.6,3,2.62,0.38,35.9,55.3,1.3,0.5,2020,17
7,LEI,2,2,0.55,0,0.06,0.62,1.38,153.2,2,0.59,1.41,161.0,1,0.5,0.5,190.0,316.7,0.1,0.4,2020,17
8,LIV,0,0,1.19,0,0.34,1.53,-1.53,61.4,0,1.46,-1.46,64.4,1,0.39,0.61,241.0,104.4,0.3,0.1,2020,17
9,MCI,3,2,2.45,0,0.21,2.67,0.33,34.8,2,1.11,0.89,83.8,1,0.84,0.16,110.7,103.3,0.5,0.3,2020,17
10,MUN,2,1,1.18,0,0.16,2.13,-0.13,45.1,1,0.73,0.27,131.5,1,1.41,-0.41,68.1,96.0,0.9,0.5,2020,17
11,NEW,1,0,0.11,1,0.39,0.5,0.5,190.0,0,0.47,-0.47,202.1,2,0.62,1.38,153.2,118.8,0.6,0.1,2020,17
12,SHU,0,0,0.32,0,0.05,0.37,-0.37,259.5,0,0.3,-0.3,320.0,2,0.58,1.42,165.5,80.0,0.5,0.1,2020,17
13,SOU,1,0,0.31,1,0.08,0.39,0.61,241.0,1,0.15,0.85,626.7,0,1.53,-1.53,61.4,940.0,1.2,0.3,2020,17
14,TOT,3,1,1.29,1,0.53,2.62,0.38,35.9,2,0.61,1.39,154.1,0,1.14,-1.14,82.5,94.0,1.1,0.0,2020,17
15,WBA,0,0,0.89,0,0.07,0.95,-0.95,98.9,0,0.57,-0.57,164.9,4,3.7,0.3,25.4,27.6,3.6,0.1,2020,17
16,WHU,1,1,1.05,0,0.34,1.38,-0.38,68.1,0,0.51,-0.51,184.3,0,0.41,-0.41,229.3,470.0,0.2,0.2,2020,17
17,WOL,3,1,0.67,1,0.11,1.57,1.43,59.9,1,0.61,0.39,154.1,3,2.2,0.8,42.7,44.8,0.9,0.5,2020,17
0,ARS,0,0,0.19,0,0.26,0.45,-0.45,208.9,0,0.72,-0.72,130.6,0,0.81,-0.81,116.0,235.0,0.4,0.4,2020,18
1,BHA,0,0,0.17,0,0.02,0.19,-0.19,494.7,0,0.24,-0.24,391.7,1,2.01,-1.01,46.8,104.4,1.0,0.2,2020,18
2,BUR,0,0,0.83,0,0.07,0.9,-0.9,108.9,0,0.35,-0.35,280.0,1,1.17,-0.17,83.8,89.1,1.1,0.1,2020,18
3,CRY,0,0,0.4,0,0.41,0.81,-0.81,116.0,0,0.45,-0.45,208.9,0,0.45,-0.45,208.9,470.0,0.2,0.3,2020,18
4,EVE,2,1,0.46,1,0.09,0.56,1.44,171.4,2,0.44,1.56,218.2,1,0.72,0.28,133.3,160.0,0.3,0.4,2020,18
5,FUL,1,1,0.81,0,0.27,1.08,-0.08,88.0,1,0.47,0.53,202.1,1,2.58,-1.58,36.8,39.6,2.4,0.2,2020,18
6,MCI,1,1,1.03,0,0.19,2.01,-1.01,46.8,1,0.98,0.02,95.9,0,0.19,-0.19,494.7,inf,0.2,0.0,2020,18
7,MUN,1,1,1.08,0,0.08,1.17,-0.17,83.8,1,1.19,-0.19,82.4,0,0.9,-0.9,108.9,inf,0.8,0.1,2020,18
8,NEW,0,0,0.48,0,0.16,0.64,-0.64,151.6,0,0.34,-0.34,285.3,1,2.1,-1.1,46.2,53.9,1.3,0.0,2020,18
9,SHU,1,0,1.28,0,0.03,2.1,-1.1,46.2,0,1.12,-1.12,86.6,0,0.64,-0.64,151.6,485.0,0.5,0.2,2020,18
10,TOT,1,1,2.36,0,0.22,2.58,-1.58,36.8,1,1.25,-0.25,76.0,1,1.08,-0.08,88.0,95.0,0.8,0.3,2020,18
11,WOL,1,0,0.34,1,0.38,0.72,0.28,133.3,1,0.67,0.33,143.3,2,0.56,1.44,171.4,120.0,0.5,0.1,2020,18
0,ARS,3,2,2.03,0,0.38,2.41,0.59,38.6,3,1.44,1.56,64.6,0,0.17,-0.17,547.1,inf,0.1,0.0,2020,19
1,AVL,2,1,2.07,1,0.8,2.87,-0.87,65.5,1,1.15,-0.15,163.5,2,3.96,-1.96,47.5,55.3,1.6,1.5,2020,19
2,BHA,1,1,0.89,0,0.48,1.37,-0.37,67.9,1,1.38,-0.38,67.4,0,0.3,-0.3,310.0,465.0,0.2,0.1,2020,19
3,BUR,1,0,0.49,0,0.27,1.55,-0.55,122.6,0,0.67,-0.67,283.6,1,3.38,-2.38,56.2,86.4,2.7,0.7,2020,19
4,CHE,1,1,1.57,0,0.8,2.37,-1.37,80.2,0,2.5,-2.5,76.0,2,2.09,-0.09,90.9,126.7,1.9,0.2,2020,19
5,CRY,0,0,0.07,0,0.0,0.07,-0.07,1314.3,0,0.15,-0.15,613.3,4,0.69,3.31,133.3,51.1,0.2,0.5,2020,19
6,FUL,1,1,1.53,0,0.09,1.61,-0.61,118.6,1,0.83,0.17,230.1,3,3.36,-0.36,56.8,46.6,2.8,0.5,2020,19
7,LEE,0,0,0.25,0,0.06,0.3,-0.3,310.0,0,0.48,-0.48,193.8,1,1.37,-0.37,67.9,84.5,0.9,0.5,2020,19
8,LEI,4,2,3.38,1,0.18,3.56,0.44,53.7,4,1.72,2.28,111.0,0,1.31,-1.31,145.8,212.2,0.8,0.5,2020,19
9,LIV,0,0,2.57,0,0.21,2.79,-2.79,67.7,0,2.99,-2.99,63.2,1,2.21,-1.21,85.5,78.8,1.2,0.3,2020,19
10,MCI,6,1,1.53,4,1.86,4.17,1.83,44.6,2,2.36,-0.36,78.8,0,0.7,-0.7,265.7,232.5,0.5,0.2,2020,19
11,MUN,2,2,2.42,0,0.45,2.87,-0.87,65.9,0,1.59,-1.59,118.9,1,2.07,-1.07,91.3,157.5,2.0,0.1,2020,19
12,NEW,0,0,0.4,0,0.26,0.65,-0.65,287.7,0,0.66,-0.66,283.3,5,4.64,0.36,40.3,43.5,3.6,1.0,2020,19
13,SHU,1,1,0.81,0,0.05,0.86,0.14,109.3,1,0.58,0.42,162.1,3,0.96,2.04,97.9,78.3,0.7,0.2,2020,19
14,SOU,0,0,0.54,0,0.02,0.56,-0.56,173.2,0,0.41,-0.41,236.6,2,2.17,-0.17,44.7,64.7,2.1,0.1,2020,19
15,TOT,3,2,0.75,1,0.22,0.96,2.04,97.9,3,0.71,2.29,132.4,1,0.86,0.14,109.3,117.5,0.8,0.1,2020,19
16,WBA,4,1,0.79,1,0.48,2.85,1.15,66.7,2,0.58,1.42,327.6,4,3.56,0.44,53.4,54.3,2.6,1.0,2020,19
17,WHU,3,3,3.09,0,0.72,3.81,-0.81,49.9,2,2.2,-0.2,86.4,1,0.93,0.07,204.3,237.5,0.7,0.3,2020,19
18,WOL,2,0,0.71,2,0.8,1.51,0.49,62.9,1,1.41,-0.41,67.4,3,2.38,0.62,39.9,31.7,0.4,0.4,2020,19
0,ARS,3,3,2.15,0,0.05,2.2,0.8,43.6,3,1.55,1.45,61.9,1,0.84,0.16,114.3,87.3,0.4,0.4,2020,20
1,AVL,2,2,1.96,0,0.35,2.31,-0.31,41.1,2,1.35,0.65,70.4,3,0.52,2.48,182.7,55.9,0.4,0.1,2020,20
2,BHA,0,0,1.41,0,0.39,1.8,-1.8,51.7,0,2.62,-2.62,35.5,0,0.49,-0.49,189.8,310.0,0.5,0.0,2020,20
3,BUR,3,2,0.37,1,0.15,0.52,2.48,182.7,3,0.37,2.63,256.8,2,2.31,-0.31,41.1,41.3,2.0,0.4,2020,20
4,CHE,0,0,0.46,0,0.22,0.68,-0.68,138.2,0,0.78,-0.78,120.5,0,0.53,-0.53,177.4,inf,0.4,0.1,2020,20
5,CRY,2,2,0.7,0,0.0,0.7,1.3,138.6,2,0.74,1.26,131.1,3,2.9,0.1,33.4,42.2,2.4,0.5,2020,20
6,EVE,1,1,0.28,0,0.19,0.47,0.53,200.0,0,0.57,-0.57,164.9,1,1.18,-0.18,79.7,72.3,0.9,0.3,2020,20
7,FUL,0,0,0.49,0,0.0,0.49,-0.49,189.8,0,0.37,-0.37,251.4,0,1.8,-1.8,51.7,66.4,1.4,0.4,2020,20
8,LEE,2,1,0.66,0,0.05,0.71,1.29,132.4,2,0.67,1.33,140.3,1,1.38,-0.38,68.1,78.3,0.7,0.6,2020,20
9,LEI,1,0,0.87,1,0.3,1.18,-0.18,79.7,1,0.51,0.49,184.3,1,0.47,0.53,200.0,104.4,0.3,0.2,2020,20
10,LIV,3,3,2.46,0,0.0,2.46,0.54,39.0,2,1.46,0.54,65.8,1,0.14,0.86,685.7,240.0,0.1,0.0,2020,20
11,MCI,5,5,1.75,0,0.12,1.87,3.13,49.7,4,1.52,2.48,61.2,0,0.57,-0.57,163.2,465.0,0.1,0.5,2020,20
12,MUN,1,0,0.72,1,0.37,1.09,-0.09,87.2,1,1.4,-0.4,67.9,2,0.96,1.04,99.0,79.2,0.2,0.7,2020,20
13,NEW,1,1,0.73,0,0.65,1.38,-0.38,68.1,1,0.53,0.47,177.4,2,0.71,1.29,132.4,78.3,0.7,0.0,2020,20
14,SHU,2,1,0.24,1,0.72,0.96,1.04,99.0,2,0.43,1.57,220.9,1,1.09,-0.09,87.2,190.0,0.7,0.4,2020,20
15,SOU,1,0,0.41,1,0.42,0.84,0.16,114.3,1,0.62,0.38,154.8,3,2.2,0.8,43.6,33.1,2.2,0.1,2020,20
16,TOT,1,1,0.14,0,0.0,0.14,0.86,685.7,1,0.17,0.83,564.7,3,2.46,0.54,39.0,32.0,2.5,0.0,2020,20
17,WBA,0,0,0.07,0,0.5,0.57,-0.57,163.2,0,0.14,-0.14,664.3,5,1.87,3.13,49.7,26.6,1.8,0.1,2020,20
18,WHU,3,1,2.4,2,0.5,2.9,0.1,33.4,3,1.48,1.52,65.5,2,0.7,1.3,138.6,80.8,0.7,0.0,2020,20
19,WOL,0,0,0.41,0,0.12,0.53,-0.53,177.4,0,0.13,-0.13,723.1,0,0.68,-0.68,138.2,85.5,0.5,0.2,2020,20
0,ARS,0,0,0.55,0,0.31,0.86,-0.86,112.8,0,0.31,-0.31,312.9,0,1.69,-1.69,57.4,161.7,1.4,0.2,2020,21
1,AVL,1,1,0.57,0,0.04,0.61,0.39,160.7,1,0.31,0.69,316.1,0,1.97,-1.97,49.7,163.3,1.3,0.7,2020,21
2,BHA,1,1,1.38,0,0.23,1.61,-0.61,59.0,1,2.01,-1.01,47.3,0,0.38,-0.38,250.0,158.3,0.3,0.1,2020,21
3,BUR,0,0,0.0,0,0.2,0.2,-0.2,475.0,0,0.4,-0.4,237.5,2,1.2,0.8,79.2,73.1,1.2,0.0,2020,21
4,CHE,2,2,1.2,0,0.0,1.2,0.8,79.2,2,1.71,0.29,55.6,0,0.2,-0.2,475.0,inf,0.0,0.2,2020,21
5,CRY,1,1,1.27,0,0.14,1.42,-0.42,65.5,1,0.47,0.53,197.9,0,0.37,-0.37,251.4,232.5,0.1,0.2,2020,21
6,EVE,0,0,0.29,0,0.5,0.78,-0.78,123.1,0,0.65,-0.65,147.7,2,1.66,0.34,57.8,68.6,1.4,0.3,2020,21
7,FUL,2,2,1.23,0,0.12,1.35,0.65,68.9,2,0.77,1.23,120.8,2,0.98,1.02,94.9,71.5,0.9,0.1,2020,21
8,LEE,3,1,1.35,0,0.78,2.13,0.87,44.1,3,0.9,2.1,104.4,1,1.82,-0.82,51.6,44.8,1.3,0.5,2020,21
9,LEI,1,1,1.29,0,0.53,1.82,-0.82,51.6,1,0.89,0.11,105.6,3,2.13,0.87,44.1,30.3,1.3,0.8,2020,21
10,LIV,3,2,1.93,0,0.04,1.97,1.03,47.2,3,1.14,1.86,81.6,1,0.84,0.16,110.7,155.0,0.2,0.7,2020,21
11,MCI,1,1,1.33,0,0.24,1.57,-0.57,61.1,1,1.28,-0.28,75.0,0,0.19,-0.19,505.3,inf,0.2,0.0,2020,21
12,MUN,0,0,1.44,0,0.25,1.69,-1.69,57.4,0,0.95,-0.95,102.1,0,0.86,-0.86,112.8,323.3,0.6,0.3,2020,21
13,NEW,2,0,1.39,1,0.27,1.66,0.34,57.8,2,0.81,1.19,118.5,0,0.78,-0.78,123.1,240.0,0.3,0.5,2020,21
14,SHU,0,0,0.19,0,0.0,0.19,-0.19,505.3,0,0.18,-0.18,533.3,1,1.57,-0.57,61.1,45.7,1.3,0.2,2020,21
15,SOU,0,0,1.31,0,0.66,1.97,-1.97,49.7,0,1.33,-1.33,73.7,1,0.61,0.39,160.7,122.5,0.6,0.0,2020,21
16,TOT,0,0,0.27,0,0.1,0.38,-0.38,250.0,0,0.47,-0.47,202.1,1,1.61,-0.61,59.0,190.0,1.4,0.2,2020,21
17,WBA,2,2,0.89,0,0.09,0.98,1.02,94.9,1,0.3,0.7,310.0,2,1.35,0.65,68.9,84.5,1.2,0.1,2020,21
18,WHU,1,0,0.18,1,0.66,0.84,0.16,110.7,0,0.37,-0.37,251.4,3,1.97,1.03,47.2,58.1,1.9,0.0,2020,21
19,WOL,0,0,0.13,0,0.24,0.37,-0.37,251.4,0,0.81,-0.81,114.8,1,1.42,-0.42,65.5,930.0,1.3,0.1,2020,21
0,ARS,1,1,0.77,0,0.02,0.79,0.21,121.5,1,0.5,0.5,192.0,2,1.51,0.49,63.6,60.0,0.5,0.2,2020,22
1,AVL,1,1,0.54,0,0.21,0.74,0.26,128.4,1,0.69,0.31,137.7,3,1.67,1.33,56.9,43.2,1.6,0.1,2020,22
2,BHA,1,1,0.93,0,0.37,1.29,-0.29,73.6,1,0.35,0.65,271.4,0,0.99,-0.99,96.0,inf,1.0,0.0,2020,22
3,BUR,0,0,0.07,0,0.0,0.07,-0.07,1328.6,0,0.2,-0.2,465.0,2,2.02,-0.02,46.0,38.8,2.0,0.0,2020,22
4,CHE,1,0,0.69,0,0.09,1.57,-0.57,59.9,0,0.73,-0.73,128.8,0,0.6,-0.6,156.7,313.3,0.4,0.2,2020,22
5,CRY,2,1,0.56,1,0.19,0.75,1.25,126.7,1,0.83,0.17,114.5,1,1.91,-0.91,49.7,118.8,1.3,0.6,2020,22
6,EVE,2,1,1.11,1,0.53,1.64,0.36,58.5,2,0.56,1.44,171.4,1,1.28,-0.28,75.0,64.0,1.0,0.2,2020,22
7,FUL,0,0,0.46,0,0.1,0.56,-0.56,167.9,0,1.43,-1.43,65.7,2,1.44,0.56,65.3,67.1,1.3,0.1,2020,22
8,LEE,1,1,1.05,0,0.24,1.28,-0.28,75.0,1,0.95,0.05,101.1,2,1.64,0.36,58.5,53.3,1.1,0.5,2020,22
9,LEI,2,2,1.34,0,0.1,1.44,0.56,65.3,2,0.58,1.42,162.1,0,0.56,-0.56,167.9,940.0,0.5,0.1,2020,22
10,LIV,0,0,0.99,0,0.0,0.99,-0.99,96.0,0,0.7,-0.7,135.7,1,1.29,-0.29,73.6,79.2,0.9,0.4,2020,22
11,MCI,2,2,2.02,0,0.0,2.02,-0.02,46.0,1,1.44,-0.44,64.6,0,0.07,-0.07,1328.6,inf,0.1,0.0,2020,22
12,MUN,9,8,3.75,0,0.13,4.67,4.33,20.1,5,2.71,2.29,34.7,0,0.48,-0.48,195.8,188.0,0.3,0.1,2020,22
13,NEW,1,1,1.33,0,0.58,1.91,-0.91,49.7,1,1.48,-0.48,64.2,2,0.75,1.25,126.7,158.3,0.6,0.2,2020,22
14,SHU,2,2,0.99,0,0.33,1.32,0.68,71.2,2,1.31,0.69,71.8,1,1.55,-0.55,60.6,42.7,1.4,0.1,2020,22
15,SOU,0,0,0.33,0,0.15,0.48,-0.48,195.8,0,0.18,-0.18,522.2,9,4.67,4.33,20.1,16.2,3.8,0.1,2020,22
16,TOT,0,0,0.44,0,0.16,0.6,-0.6,156.7,0,0.42,-0.42,223.8,1,1.57,-0.57,59.9,78.3,0.7,0.1,2020,22
17,WBA,1,1,1.44,0,0.11,1.55,-0.55,60.6,0,0.44,-0.44,213.6,2,1.32,0.68,71.2,67.1,1.0,0.3,2020,22
18,WHU,3,1,1.59,0,0.08,1.67,1.33,56.9,3,1.01,1.99,94.1,1,0.74,0.26,128.4,135.7,0.5,0.2,2020,22
19,WOL,2,1,0.51,0,0.22,1.51,0.49,63.6,1,0.73,0.27,131.5,1,0.79,0.21,121.5,106.7,0.8,0.0,2020,22
0,ARS,0,0,0.58,0,0.23,0.81,-0.81,118.5,0,0.91,-0.91,105.5,1,1.17,-0.17,82.1,36.9,1.1,0.0,2020,23
1,AVL,1,1,1.12,0,0.05,1.17,-0.17,82.1,1,0.71,0.29,135.2,0,0.81,-0.81,118.5,137.1,0.6,0.2,2020,23
2,BHA,1,0,0.33,1,0.19,0.52,0.48,180.8,1,0.32,0.68,293.8,1,1.82,-0.82,51.6,67.1,1.1,0.7,2020,23
3,BUR,1,1,1.08,0,0.74,1.82,-0.82,51.6,0,1.76,-1.76,53.4,1,0.52,0.48,180.8,156.7,0.3,0.2,2020,23
4,CHE,2,1,0.77,0,0.04,1.6,0.4,60.0,1,0.76,0.24,126.3,1,0.65,0.35,147.7,192.0,0.5,0.1,2020,23
5,CRY,0,0,0.28,0,0.09,0.36,-0.36,261.1,0,0.39,-0.39,241.0,2,1.92,0.08,49.0,47.0,1.2,0.8,2020,23
6,EVE,3,2,1.1,1,0.4,1.5,1.5,64.7,2,0.26,1.74,373.1,3,1.8,1.2,53.9,69.3,1.5,0.3,2020,23
7,FUL,0,0,1.2,0,0.3,1.5,-1.5,66.0,0,1.03,-1.03,96.1,0,1.04,-1.04,95.2,330.0,0.6,0.4,2020,23
8,LEE,2,2,1.16,0,0.76,1.92,0.08,49.0,1,1.27,-0.27,74.0,0,0.36,-0.36,261.1,940.0,0.3,0.1,2020,23
9,LEI,0,0,0.59,0,0.18,0.77,-0.77,122.1,0,0.69,-0.69,136.2,0,1.15,-1.15,81.7,940.0,0.8,0.4,2020,23
10,LIV,1,0,0.26,0,0.16,1.2,-0.2,78.3,0,0.56,-0.56,167.9,4,3.47,0.53,27.1,29.4,2.7,0.0,2020,23
11,MCI,4,4,2.68,0,0.0,3.47,0.53,27.1,3,0.35,2.65,268.6,1,1.2,-0.2,78.3,78.3,0.3,0.2,2020,23
12,MUN,3,2,1.49,1,0.31,1.8,1.2,53.9,3,1.13,1.87,85.8,3,1.5,1.5,64.7,48.5,1.1,0.4,2020,23
13,NEW,3,3,0.62,0,0.07,0.69,2.31,140.6,2,0.45,1.55,215.6,2,1.33,0.67,72.9,74.6,0.8,0.5,2020,23
14,SHU,1,1,0.54,0,0.11,0.65,0.35,147.7,0,0.32,-0.32,300.0,2,1.6,0.4,60.0,64.0,0.8,0.0,2020,23
15,SOU,2,1,0.84,1,0.49,1.33,0.67,72.9,1,0.72,0.28,134.7,3,0.69,2.31,140.6,107.8,0.6,0.1,2020,23
16,TOT,2,1,1.28,0,0.21,1.49,0.51,63.8,2,0.73,1.27,130.1,0,0.56,-0.56,169.6,190.0,0.4,0.2,2020,23
17,WBA,0,0,0.41,0,0.15,0.56,-0.56,169.6,0,0.8,-0.8,118.8,2,1.49,0.51,63.8,63.3,1.3,0.2,2020,23
18,WHU,0,0,0.61,0,0.43,1.04,-1.04,95.2,0,1.04,-1.04,95.2,0,1.5,-1.5,66.0,990.0,1.2,0.3,2020,23
19,WOL,0,0,0.75,0,0.4,1.15,-1.15,81.7,0,1.56,-1.56,60.3,0,0.77,-0.77,122.1,313.3,0.6,0.2,2020,23
0,ARS,4,3,1.54,0,0.0,2.33,1.67,41.2,3,1.26,1.74,76.2,2,0.94,1.06,102.1,50.5,0.7,0.2,2020,24
1,AVL,0,0,0.14,0,0.0,0.14,-0.14,664.3,0,0.25,-0.25,372.0,0,2.23,-2.23,41.7,38.8,1.9,0.3,2020,24
2,BHA,0,0,1.89,0,0.34,2.23,-2.23,41.7,0,2.08,-2.08,44.7,0,0.14,-0.14,664.3,930.0,0.1,0.0,2020,24
3,BUR,4,3,1.08,1,1.32,2.4,1.6,79.6,3,1.27,1.73,150.4,1,1.07,-0.07,178.5,191.0,0.7,0.3,2020,24
4,CHE,2,1,1.56,1,0.64,2.2,-0.2,42.7,0,1.32,-1.32,71.2,0,0.56,-0.56,167.9,117.5,0.4,0.2,2020,24
5,CRY,0,0,0.46,0,0.07,0.53,-0.53,183.0,0,0.8,-0.8,121.3,3,1.46,1.54,66.4,64.7,0.8,0.7,2020,24
6,EVE,1,1,1.28,0,0.08,1.36,-0.36,140.4,0,0.55,-0.55,347.3,5,3.52,1.48,54.3,53.1,2.8,0.7,2020,24
7,FUL,3,2,2.21,1,0.84,3.05,-0.05,62.6,2,2.59,-0.59,73.7,1,1.27,-0.27,150.4,318.3,0.6,0.7,2020,24
8,LEE,2,1,0.73,1,0.21,0.94,1.06,102.1,2,0.68,1.32,141.2,4,2.33,1.67,41.2,41.7,1.5,0.0,2020,24
9,LEI,3,1,1.74,1,0.12,1.86,1.14,51.6,1,0.22,0.78,436.4,1,1.83,-0.83,52.5,73.8,0.9,1.0,2020,24
10,LIV,1,1,0.86,0,0.97,1.83,-0.83,52.5,1,1.64,-0.64,58.5,3,1.86,1.14,51.6,48.0,1.7,0.1,2020,24
11,MCI,6,4,2.09,1,0.39,3.26,2.74,57.7,4,2.26,1.74,83.2,1,1.37,-0.37,137.2,110.6,1.3,0.1,2020,24
12,MUN,1,1,0.32,0,0.15,0.47,0.53,204.3,1,0.91,0.09,105.5,1,1.03,-0.03,93.2,120.0,1.0,0.0,2020,24
13,NEW,0,0,0.38,0,0.18,0.56,-0.56,167.9,0,0.43,-0.43,218.6,2,2.2,-0.2,42.7,104.4,1.6,0.6,2020,24
14,SHU,0,0,0.67,0,0.0,0.67,-0.67,144.8,0,1.13,-1.13,85.8,3,1.94,1.06,50.0,31.3,0.8,0.3,2020,24
15,SOU,1,1,0.78,0,0.0,0.78,0.22,123.1,1,0.35,0.65,274.3,2,1.16,0.84,82.8,53.3,0.2,0.1,2020,24
16,TOT,0,0,0.27,0,0.06,0.34,-0.34,276.5,0,0.11,-0.11,854.5,3,2.25,0.75,41.8,44.8,1.2,0.2,2020,24
17,WBA,1,1,0.98,0,0.05,1.03,-0.03,93.2,1,0.8,0.2,120.0,1,0.47,0.53,204.3,73.8,0.3,0.2,2020,24
18,WHU,3,1,0.82,1,0.33,1.94,1.06,50.0,2,0.38,1.62,255.3,0,0.67,-0.67,144.8,74.6,0.7,0.0,2020,24
19,WOL,2,1,0.23,0,0.14,1.16,0.84,82.8,1,0.21,0.79,457.1,1,0.78,0.22,123.1,64.0,0.8,0.0,2020,24
0,ARS,0,0,0.34,0,0.0,0.34,-0.34,279.4,0,0.42,-0.42,226.2,1,1.79,-0.79,53.1,63.3,1.7,0.0,2020,25
1,AVL,1,1,1.14,0,0.35,1.49,-0.49,64.4,0,0.77,-0.77,124.7,2,1.12,0.88,85.7,56.5,1.0,0.1,2020,25
2,BHA,1,1,2.15,0,0.36,2.51,-1.51,38.6,0,1.36,-1.36,71.3,2,0.23,1.77,421.7,161.7,0.2,0.0,2020,25
3,BUR,0,0,0.45,0,0.05,0.5,-0.5,190.0,0,0.59,-0.59,161.0,0,1.59,-1.59,59.7,135.7,1.4,0.2,2020,25
4,CHE,1,0,0.21,0,0.21,1.21,-0.21,78.5,0,0.7,-0.7,135.7,1,0.59,0.41,161.0,190.0,0.4,0.2,2020,25
5,CRY,2,2,0.23,0,0.0,0.23,1.77,421.7,2,0.26,1.74,373.1,1,2.51,-1.51,38.6,51.1,2.1,0.4,2020,25
6,EVE,2,1,0.92,0,0.09,1.8,0.2,53.9,1,0.4,0.6,242.5,0,1.37,-1.37,70.8,74.6,1.1,0.3,2020,25
7,FUL,1,1,1.11,0,0.08,1.2,-0.2,81.7,0,0.77,-0.77,127.3,0,0.92,-0.92,106.5,108.9,0.4,0.6,2020,25
8,LEE,3,1,1.76,1,1.28,3.04,-0.04,62.5,2,2.73,-0.73,69.6,1,1.54,-0.54,123.4,172.7,1.2,0.3,2020,25
9,LEI,2,2,1.0,0,0.12,1.12,0.88,85.7,1,0.27,0.73,355.6,1,1.49,-0.49,64.4,96.0,1.1,0.3,2020,25
10,LIV,0,0,1.11,0,0.25,1.37,-1.37,70.8,0,1.1,-1.1,88.2,2,1.8,0.2,53.9,37.3,0.9,0.1,2020,25
11,MCI,1,1,1.75,0,0.04,1.79,-0.79,53.1,1,0.93,0.07,102.2,0,0.34,-0.34,279.4,950.0,0.3,0.0,2020,25
12,MUN,3,2,0.69,0,0.27,1.75,1.25,53.7,2,0.76,1.24,123.7,1,0.36,0.64,261.1,134.3,0.2,0.1,2020,25
13,NEW,1,0,0.22,1,0.14,0.36,0.64,261.1,0,0.12,-0.12,783.3,3,1.75,1.25,53.7,47.0,0.7,0.3,2020,25
14,SHU,0,0,0.35,0,0.57,0.92,-0.92,106.5,0,0.31,-0.31,316.1,1,1.2,-0.2,81.7,140.0,1.1,0.1,2020,25
15,SOU,1,1,1.09,0,0.43,1.53,-0.53,123.5,1,0.88,0.12,214.8,4,2.51,1.49,75.3,51.1,1.3,0.5,2020,25
16,TOT,1,0,0.63,1,0.45,1.07,-0.07,89.7,1,0.72,0.28,133.3,2,1.11,0.89,86.5,36.9,1.1,0.1,2020,25
17,WBA,0,0,1.4,0,0.18,1.59,-1.59,59.7,0,1.13,-1.13,84.1,0,0.5,-0.5,190.0,inf,0.4,0.0,2020,25
18,WHU,2,2,1.05,0,0.06,1.11,0.89,86.5,1,0.59,0.41,162.7,1,1.07,-0.07,89.7,137.1,0.6,0.4,2020,25
19,WOL,1,1,0.52,0,0.09,0.6,0.4,160.0,0,0.17,-0.17,564.7,0,1.74,-1.74,55.2,80.0,0.7,1.0,2020,25
0,ARS,3,1,1.28,1,0.32,2.38,0.62,41.2,1,1.03,-0.03,95.1,1,0.37,0.63,264.9,140.0,0.3,0.1,2020,26
1,AVL,1,0,2.28,1,0.73,3.02,-2.02,62.9,1,2.3,-1.3,82.6,1,1.74,-0.74,109.2,158.3,1.5,0.3,2020,26
2,BHA,0,0,1.18,0,0.19,2.95,-2.95,32.2,0,0.86,-0.86,110.5,1,0.8,0.2,118.8,118.8,0.4,0.4,2020,26
3,BUR,1,1,1.85,0,0.57,2.42,-1.42,77.7,0,1.77,-1.77,106.2,5,3.32,1.68,56.6,55.3,3.2,0.1,2020,26
4,CHE,1,1,2.02,0,0.07,2.09,-1.09,90.0,1,1.25,-0.25,150.4,0,0.68,-0.68,276.5,268.6,0.5,0.2,2020,26
5,CRY,0,0,0.69,0,0.32,1.01,-1.01,185.1,0,0.73,-0.73,256.2,0,2.29,-2.29,81.7,187.0,1.0,1.3,2020,26
6,EVE,2,1,1.42,1,0.78,2.2,-0.2,87.3,2,1.78,0.22,107.9,0,1.59,-1.59,120.8,213.3,1.0,0.6,2020,26
7,FUL,0,0,1.15,0,0.88,2.03,-2.03,93.1,0,1.94,-1.94,97.4,1,1.74,-0.74,108.6,210.0,1.5,0.2,2020,26
8,LEE,0,0,0.73,0,0.14,0.86,-0.86,111.6,0,0.8,-0.8,120.0,1,0.7,0.3,137.1,240.0,0.2,0.5,2020,26
9,LEI,2,2,1.38,0,0.2,1.58,0.42,120.9,1,1.09,-0.09,175.2,4,4.14,-0.14,46.1,42.4,2.6,0.7,2020,26
10,LIV,2,2,2.79,0,0.16,2.95,-0.95,63.7,0,2.0,-2.0,94.0,1,1.7,-0.7,110.6,98.9,1.5,0.2,2020,26
11,MCI,6,4,3.57,2,0.24,3.81,2.19,49.9,2,2.37,-0.37,80.2,2,2.26,-0.26,84.1,126.7,2.0,0.2,2020,26
12,MUN,0,0,0.71,0,0.62,1.33,-1.33,140.6,0,1.11,-1.11,168.5,0,2.01,-2.01,93.0,103.9,1.7,0.3,2020,26
13,NEW,1,0,1.3,1,0.38,1.69,-0.69,56.8,1,0.82,0.18,117.1,1,1.14,-0.14,84.2,137.1,0.8,0.3,2020,26
14,SHU,1,1,1.31,0,0.31,1.62,-0.62,116.0,1,0.89,0.11,211.2,2,4.99,-2.99,37.7,58.8,4.6,0.4,2020,26
15,SOU,0,0,0.3,0,0.26,0.56,-0.56,171.4,0,0.17,-0.17,564.7,1,1.17,-0.17,82.1,137.1,0.6,0.5,2020,26
16,TOT,5,5,3.59,0,0.14,3.73,1.27,50.9,3,1.83,1.17,103.8,0,1.33,-1.33,142.9,237.5,1.0,0.3,2020,26
17,WBA,1,0,1.18,1,0.65,1.83,-0.83,104.4,1,1.51,-0.51,126.5,1,3.98,-2.98,48.0,119.4,2.0,0.4,2020,26
18,WHU,1,1,1.81,0,0.12,1.93,-0.93,49.2,1,0.8,0.2,118.8,2,0.46,1.54,206.5,237.5,0.2,0.2,2020,26
19,WOL,2,1,1.05,1,0.43,1.47,0.53,129.9,2,1.13,0.87,169.0,5,5.04,-0.04,37.9,36.0,4.6,0.4,2020,26
0,ARS,1,1,2.52,0,0.0,2.52,-1.52,37.7,1,0.81,0.19,117.3,1,1.11,-0.11,85.6,63.3,1.1,0.1,2020,27
1,AVL,0,0,0.18,0,0.41,0.59,-0.59,161.0,0,0.25,-0.25,380.0,0,1.67,-1.67,56.9,105.6,0.2,1.5,2020,27
2,BHA,1,1,0.59,0,0.19,0.79,0.21,120.3,1,1.3,-0.3,73.1,2,0.87,1.13,109.2,73.1,0.7,0.2,2020,27
3,BUR,1,1,1.06,0,0.06,1.11,-0.11,85.6,0,0.41,-0.41,231.7,1,2.52,-1.52,37.7,237.5,2.5,0.0,2020,27
4,CHE,2,1,1.45,0,0.17,2.41,-0.41,39.0,0,0.74,-0.74,127.0,0,0.34,-0.34,276.5,470.0,0.2,0.1,2020,27
5,CRY,1,1,0.35,0,0.18,0.53,0.47,179.2,1,0.39,0.61,243.6,4,2.68,1.32,35.4,30.6,2.5,0.2,2020,27
6,EVE,0,0,0.21,0,0.12,0.34,-0.34,276.5,0,0.16,-0.16,587.5,2,2.41,-0.41,39.0,31.3,1.4,0.2,2020,27
7,FUL,1,0,1.33,1,0.05,1.38,-0.38,70.3,0,0.32,-0.32,303.1,0,0.86,-0.86,112.8,323.3,0.6,0.3,2020,27
8,LEE,0,0,1.32,0,0.11,1.43,-1.43,65.7,0,0.88,-0.88,106.8,2,1.83,0.17,51.4,36.2,0.2,0.8,2020,27
9,LEI,2,1,0.65,1,0.22,0.87,1.13,109.2,2,0.75,1.25,126.7,1,0.79,0.21,120.3,135.7,0.6,0.2,2020,27
10,LIV,0,0,0.57,0,0.29,0.86,-0.86,112.8,0,0.67,-0.67,144.8,1,1.38,-0.38,70.3,48.5,1.3,0.0,2020,27
11,MCI,5,5,3.65,0,0.24,3.9,1.1,48.7,2,2.08,-0.08,91.3,4,3.48,0.52,54.6,39.6,1.7,0.2,2020,27
12,MUN,2,1,0.96,0,0.0,1.75,0.25,55.4,1,0.22,0.78,440.9,0,1.29,-1.29,75.2,242.5,1.1,0.2,2020,27
13,NEW,0,0,0.28,0,0.19,0.47,-0.47,200.0,0,0.41,-0.41,229.3,0,1.98,-1.98,47.5,156.7,0.9,1.1,2020,27
14,SHU,0,0,0.5,0,0.23,0.73,-0.73,128.8,0,0.8,-0.8,117.5,2,1.91,0.09,49.2,44.8,1.0,0.1,2020,27
15,SOU,4,2,1.73,0,0.33,3.64,0.36,51.4,1,0.76,0.24,246.1,5,3.33,1.67,56.2,50.5,3.1,0.2,2020,27
16,TOT,4,4,2.51,0,0.17,2.68,1.32,35.4,4,2.28,1.72,41.7,1,0.53,0.47,179.2,135.7,0.4,0.2,2020,27
17,WBA,0,0,0.89,0,1.08,1.98,-1.98,47.5,0,1.27,-1.27,74.0,0,0.47,-0.47,200.0,94.0,0.3,0.2,2020,27
18,WHU,2,0,0.25,2,0.8,1.83,0.17,51.4,1,0.61,0.39,154.1,0,1.43,-1.43,65.7,313.3,1.3,0.1,2020,27
19,WOL,0,0,0.17,0,1.49,1.67,-1.67,56.9,0,0.45,-0.45,211.1,0,0.59,-0.59,161.0,950.0,0.2,0.4,2020,27
0,ARS,2,1,0.97,0,0.0,1.75,0.25,54.9,1,0.93,0.07,103.2,1,0.38,0.62,252.6,120.0,0.1,0.3,2020,28
1,AVL,1,1,0.78,0,0.11,0.89,0.11,106.7,0,0.42,-0.42,226.2,1,1.5,-0.5,63.3,59.4,1.5,0.0,2020,28
2,BHA,2,1,0.63,1,0.16,0.78,1.22,120.5,2,0.19,1.81,494.7,1,0.57,0.43,164.9,134.3,0.3,0.3,2020,28
3,BUR,2,2,0.56,0,0.26,0.82,1.18,114.6,1,0.51,0.49,184.3,1,1.52,-0.52,61.8,67.1,1.2,0.3,2020,28
4,CHE,0,0,0.95,0,0.11,0.95,-0.95,98.9,0,1.09,-1.09,86.2,0,0.39,-0.39,241.0,117.5,0.3,0.1,2020,28
5,CRY,1,0,0.4,0,0.03,1.19,-0.19,79.0,0,0.25,-0.25,376.0,0,0.81,-0.81,116.0,470.0,0.3,0.5,2020,28
6,EVE,1,1,1.19,0,0.33,1.52,-0.52,61.8,1,1.61,-0.61,58.4,2,0.82,1.18,114.6,78.3,0.6,0.3,2020,28
7,FUL,0,0,0.26,0,0.0,0.26,-0.26,353.8,0,0.49,-0.49,187.8,3,2.21,0.79,41.6,30.7,1.0,0.4,2020,28
8,LEE,0,0,0.28,0,0.11,0.39,-0.39,241.0,0,0.33,-0.33,284.8,0,0.95,-0.95,98.9,85.5,1.0,0.1,2020,28
9,LEI,5,3,3.28,0,0.69,3.98,1.02,23.4,4,2.54,1.46,36.6,0,0.1,-0.1,930.0,inf,0.1,0.0,2020,28
10,LIV,1,1,0.68,0,0.18,0.86,0.14,125.6,1,1.26,-0.26,85.7,0,1.07,-1.07,100.9,77.1,0.9,0.2,2020,28
11,MCI,3,1,0.99,1,0.43,2.21,0.79,41.6,1,0.69,0.31,133.3,0,0.26,-0.26,353.8,inf,0.3,0.0,2020,28
12,MUN,1,0,1.37,1,0.16,1.54,-0.54,61.0,0,1.34,-1.34,70.1,0,0.58,-0.58,162.1,inf,0.6,0.0,2020,28
13,NEW,1,1,1.47,0,0.03,1.5,-0.5,63.3,1,1.03,-0.03,92.2,1,0.89,0.11,106.7,105.6,0.8,0.1,2020,28
14,SHU,0,0,0.1,0,0.0,0.1,-0.1,930.0,0,0.12,-0.12,775.0,5,3.98,1.02,23.4,28.2,3.3,0.7,2020,28
15,SOU,1,0,0.26,1,0.31,0.57,0.43,164.9,0,0.36,-0.36,261.1,2,0.78,1.22,120.5,58.8,0.6,0.2,2020,28
16,TOT,1,1,0.12,0,0.26,0.38,0.62,252.6,1,0.27,0.73,355.6,2,1.75,0.25,54.9,80.0,1.0,0.0,2020,28
17,WBA,0,0,0.32,0,0.49,0.81,-0.81,116.0,0,1.02,-1.02,92.2,1,1.19,-0.19,79.0,58.8,0.4,0.0,2020,28
18,WHU,0,0,0.58,0,0.0,0.58,-0.58,162.1,0,0.52,-0.52,180.8,1,1.54,-0.54,61.0,117.5,1.4,0.2,2020,28
19,WOL,0,0,0.89,0,0.18,1.07,-1.07,100.9,0,0.42,-0.42,257.1,1,0.86,0.14,125.6,108.0,0.7,0.2,2020,28
0,ARS,3,3,1.29,0,0.06,1.36,1.64,69.1,1,1.66,-0.66,56.6,3,2.43,0.57,38.7,47.0,2.3,0.1,2020,29
1,AVL,0,0,0.35,0,0.06,0.41,-0.41,231.7,0,0.42,-0.42,226.2,2,1.79,0.21,53.1,47.5,0.8,0.2,2020,29
2,BHA,3,3,0.87,0,0.05,0.91,2.09,102.2,3,0.79,2.21,117.7,0,0.1,-0.1,930.0,155.0,0.1,0.0,2020,29
3,FUL,1,0,0.38,1,1.25,1.63,-0.63,58.9,1,0.82,0.18,117.1,2,1.29,0.71,74.4,60.0,0.9,0.4,2020,29
4,LEE,2,1,0.89,1,0.39,1.29,0.71,74.4,2,0.55,1.45,174.5,1,1.63,-0.63,58.9,160.0,0.4,1.2,2020,29
5,NEW,0,0,0.07,0,0.02,0.1,-0.1,930.0,0,0.12,-0.12,775.0,3,0.91,2.09,102.2,62.0,0.9,0.0,2020,29
6,TOT,2,1,0.84,0,0.16,1.79,0.21,53.1,1,0.44,0.56,215.9,0,0.41,-0.41,231.7,950.0,0.4,0.1,2020,29
7,WHU,3,2,2.33,1,0.1,2.43,0.57,38.7,3,1.05,1.95,89.5,3,1.36,1.64,69.1,67.1,1.3,0.1,2020,29
0,ARS,0,0,0.11,0,0.01,0.12,-0.12,783.3,0,0.19,-0.19,494.7,3,2.38,0.62,39.5,33.6,2.3,0.1,2020,30
1,AVL,3,3,1.21,0,0.25,1.46,1.54,65.1,3,1.15,1.85,82.6,1,0.96,0.04,99.0,86.4,0.8,0.2,2020,30
2,BHA,1,1,0.94,0,0.23,1.17,-0.17,81.2,0,0.64,-0.64,148.4,2,1.48,0.52,64.2,73.1,1.4,0.1,2020,30
3,BUR,2,1,0.74,0,0.0,1.52,0.48,61.8,1,0.87,0.13,108.0,3,2.23,0.77,42.2,67.1,2.1,0.1,2020,30
4,CHE,2,1,1.25,1,0.85,2.1,-0.1,45.2,1,1.52,-0.52,62.5,5,1.63,3.37,58.3,55.9,1.0,0.6,2020,30
5,CRY,1,1,0.7,0,0.02,0.72,0.28,131.9,1,0.58,0.42,163.8,1,2.5,-1.5,38.0,50.0,2.2,0.3,2020,30
6,EVE,1,1,2.23,0,0.27,2.5,-1.5,38.0,1,1.73,-0.73,54.9,1,0.72,0.28,131.9,67.9,0.7,0.0,2020,30
7,FUL,1,1,0.8,0,0.16,0.96,0.04,99.0,0,0.35,-0.35,271.4,3,1.46,1.54,65.1,47.5,1.2,0.3,2020,30
8,LEE,2,2,2.12,0,0.31,2.42,-0.42,39.7,1,1.3,-0.3,73.8,1,1.11,-0.11,86.5,106.7,1.0,0.1,2020,30
9,LEI,0,0,0.25,0,0.04,0.29,-0.29,324.1,0,0.24,-0.24,391.7,2,1.45,0.55,64.8,85.5,1.3,0.2,2020,30
10,LIV,3,3,2.26,0,0.13,2.38,0.62,39.5,2,1.53,0.47,61.4,0,0.12,-0.12,783.3,156.7,0.1,0.0,2020,30
11,MCI,2,2,1.26,0,0.19,1.45,0.55,64.8,1,1.19,-0.19,79.0,0,0.29,-0.29,324.1,313.3,0.2,0.0,2020,30
12,MUN,2,2,1.38,0,0.09,1.48,0.52,64.2,2,0.96,1.04,99.0,1,1.17,-0.17,81.2,67.9,0.9,0.2,2020,30
13,NEW,2,2,3.68,0,0.34,4.03,-2.03,23.6,1,1.56,-0.56,60.9,2,2.65,-0.65,35.8,38.0,2.1,0.6,2020,30
14,SHU,1,1,1.05,0,0.06,1.11,-0.11,86.5,0,0.27,-0.27,355.6,2,2.42,-0.42,39.7,50.5,2.1,0.3,2020,30
15,SOU,3,3,2.12,0,0.11,2.23,0.77,42.2,3,0.68,2.32,138.2,2,1.52,0.48,61.8,47.0,0.7,0.0,2020,30
16,TOT,2,2,2.05,0,0.6,2.65,-0.65,35.8,1,0.92,0.08,103.3,2,4.03,-2.03,23.6,23.8,3.7,0.3,2020,30
17,WBA,5,5,1.02,0,0.61,1.63,3.37,58.3,4,0.69,3.31,137.7,2,2.1,-0.1,45.2,59.4,1.2,0.9,2020,30
18,WHU,3,1,1.21,0,0.06,1.27,1.73,74.8,3,0.57,2.43,166.7,2,2.15,-0.15,44.2,45.2,1.8,0.3,2020,30
19,WOL,2,2,1.81,0,0.34,2.15,-0.15,44.2,2,1.18,0.82,80.5,3,1.27,1.73,74.8,47.5,1.2,0.1,2020,30
0,ARS,3,3,1.62,0,0.12,1.74,1.26,54.6,2,1.07,0.93,88.8,0,0.33,-0.33,287.9,950.0,0.3,0.0,2020,31
1,AVL,1,1,0.4,0,0.15,0.55,0.45,174.5,1,0.44,0.56,218.2,2,2.29,-0.29,41.9,35.6,1.9,0.4,2020,31
2,BHA,0,0,0.75,0,0.43,1.18,-1.18,78.8,0,0.76,-0.76,122.4,0,0.39,-0.39,238.5,465.0,0.3,0.1,2020,31
3,BUR,1,1,1.41,0,0.62,2.03,-1.03,46.8,1,1.75,-0.75,54.3,2,1.25,0.75,76.0,73.1,1.2,0.1,2020,31
4,CHE,4,3,2.64,1,0.49,3.13,0.87,29.4,3,1.52,1.48,60.5,1,0.38,0.62,242.1,115.0,0.4,0.0,2020,31
5,CRY,1,1,0.38,0,0.0,0.38,0.62,242.1,1,0.37,0.63,248.6,4,3.13,0.87,29.4,23.6,2.6,0.5,2020,31
6,EVE,0,0,0.32,0,0.06,0.39,-0.39,238.5,0,0.23,-0.23,404.3,0,1.18,-1.18,78.8,232.5,0.7,0.4,2020,31
7,FUL,0,0,0.63,0,0.23,0.86,-0.86,109.3,0,1.01,-1.01,93.1,1,0.5,0.5,188.0,313.3,0.1,0.4,2020,31
8,LEE,2,2,0.13,0,0.0,0.13,1.87,746.2,2,0.27,1.73,359.3,1,2.16,-1.16,44.9,121.3,1.4,0.8,2020,31
9,LEI,2,2,0.74,0,0.16,0.9,1.1,107.8,1,1.13,-0.13,85.8,3,0.83,2.17,116.9,97.0,0.8,0.3,2020,31
10,LIV,2,2,1.91,0,0.38,2.29,-0.29,41.9,0,0.85,-0.85,112.9,1,0.55,0.45,174.5,160.0,0.4,0.1,2020,31
11,MCI,1,1,1.36,0,0.81,2.16,-1.16,44.9,1,1.71,-0.71,56.7,2,0.13,1.87,746.2,485.0,0.1,0.0,2020,31
12,MUN,3,3,2.06,0,0.05,2.11,0.89,46.0,2,1.5,0.5,64.7,1,0.87,0.13,111.5,97.0,0.7,0.2,2020,31
13,NEW,2,2,1.16,0,0.09,1.25,0.75,76.0,2,0.92,1.08,103.3,1,2.03,-1.03,46.8,158.3,1.4,0.6,2020,31
14,SHU,0,0,0.3,0,0.03,0.33,-0.33,287.9,0,0.26,-0.26,365.4,3,1.74,1.26,54.6,38.0,1.6,0.1,2020,31
15,SOU,0,0,0.58,0,0.23,1.6,-1.6,60.6,0,0.59,-0.59,164.4,3,2.97,0.03,32.7,44.1,1.8,0.4,2020,31
16,TOT,1,1,0.66,0,0.2,0.87,0.13,111.5,1,0.48,0.52,202.1,3,2.11,0.89,46.0,51.1,2.1,0.0,2020,31
17,WBA,3,2,1.78,0,0.4,2.97,0.03,32.7,2,1.46,0.54,66.4,0,1.6,-1.6,60.6,64.7,0.6,0.2,2020,31
18,WHU,3,3,0.83,0,0.33,0.83,2.17,116.9,3,0.28,2.72,346.4,2,0.9,1.1,107.8,97.0,0.7,0.2,2020,31
19,WOL,1,1,0.09,0,0.42,0.5,0.5,188.0,1,0.45,0.55,208.9,0,0.86,-0.86,109.3,188.0,0.6,0.2,2020,31
0,ARS,1,0,1.81,1,0.86,2.66,-1.66,37.2,0,1.86,-1.86,53.2,1,0.87,0.13,113.8,99.0,0.1,0.0,2020,32
1,AVL,1,1,0.56,0,0.16,0.72,0.28,130.6,1,0.46,0.54,204.3,2,1.2,0.8,78.3,72.3,0.8,0.4,2020,32
2,BHA,0,0,0.37,0,0.09,0.47,-0.47,200.0,0,0.28,-0.28,335.7,0,0.72,-0.72,130.6,235.0,0.6,0.1,2020,32
3,BUR,1,0,0.37,1,0.48,0.86,0.14,110.5,1,0.53,0.47,179.2,3,2.71,0.29,35.1,39.6,2.6,0.2,2020,32
4,CHE,0,0,0.64,0,0.08,0.72,-0.72,130.6,0,0.41,-0.41,229.3,0,0.47,-0.47,200.0,313.3,0.4,0.1,2020,32
5,EVE,2,1,0.59,0,0.42,1.79,0.21,52.5,1,0.62,0.38,151.6,2,1.39,0.61,67.6,52.2,1.3,0.1,2020,32
6,FUL,1,0,0.08,0,0.0,0.87,0.13,113.8,0,0.11,-0.11,900.0,1,2.66,-1.66,37.2,55.0,1.8,0.9,2020,32
7,LEE,1,0,1.68,1,0.63,2.31,-1.31,41.1,1,1.03,-0.03,92.2,1,1.45,-0.45,65.5,86.4,1.2,0.3,2020,32
8,LEI,3,2,1.69,1,0.38,2.07,0.93,44.9,2,0.91,1.09,102.2,0,0.55,-0.55,169.1,930.0,0.1,0.4,2020,32
9,LIV,1,1,1.19,0,0.26,1.45,-0.45,65.5,1,1.28,-0.28,74.2,1,2.31,-1.31,41.1,67.9,1.7,0.6,2020,32
10,MCI,2,1,0.75,1,0.45,1.2,0.8,78.3,2,1.45,0.55,64.8,1,0.72,0.28,130.6,156.7,0.6,0.2,2020,32
11,MUN,3,1,2.56,1,0.16,2.71,0.29,35.1,3,1.77,1.23,53.7,1,0.86,0.14,110.5,95.0,0.4,0.5,2020,32
12,NEW,3,1,1.28,1,0.99,2.27,0.73,43.6,1,0.42,0.58,235.7,2,1.95,0.05,50.8,47.1,0.8,0.4,2020,32
13,SHU,0,0,0.39,0,0.07,0.46,-0.46,206.5,0,0.39,-0.39,243.6,1,1.13,-0.13,84.1,95.0,0.5,0.7,2020,32
14,SOU,1,0,0.2,1,0.6,0.8,0.2,121.3,1,0.43,0.57,225.6,2,1.44,0.56,67.4,74.6,0.5,0.1,2020,32
15,TOT,4,3,1.83,0,0.21,2.83,1.17,67.5,0,0.85,-0.85,224.7,3,2.6,0.4,73.5,73.5,0.8,1.0,2020,32
16,WBA,0,0,0.1,0,0.45,0.55,-0.55,169.1,0,0.5,-0.5,186.0,3,2.07,0.93,44.9,51.7,1.7,0.4,2020,32
17,WHU,2,1,0.77,0,0.39,1.95,0.05,50.8,1,0.79,0.21,125.3,3,2.27,0.73,43.6,70.7,1.3,1.0,2020,32
18,WOL,1,1,0.47,0,0.66,1.13,-0.13,84.1,1,0.46,0.54,206.5,0,0.46,-0.46,206.5,237.5,0.4,0.1,2020,32
0,ARS,0,0,0.58,0,0.22,0.8,-0.8,120.0,0,0.7,-0.7,137.1,1,0.53,0.47,181.1,960.0,0.4,0.2,2020,33
1,AVL,2,1,1.81,0,0.67,3.27,-1.27,29.1,0,1.12,-1.12,84.8,2,1.46,0.54,65.1,67.9,0.4,0.2,2020,33
2,BHA,0,0,1.91,0,0.1,2.01,-2.01,47.3,0,1.41,-1.41,67.4,1,0.74,0.26,128.4,95.0,0.7,0.0,2020,33
3,BUR,4,3,1.64,1,0.4,2.03,1.97,45.8,4,1.54,2.46,60.4,0,0.43,-0.43,216.3,930.0,0.3,0.2,2020,33
4,CHE,1,1,2.44,0,0.11,2.54,-1.54,37.8,1,1.21,-0.21,79.3,0,0.4,-0.4,240.0,960.0,0.2,0.2,2020,33
5,CRY,1,0,0.57,0,0.17,0.74,0.26,128.4,1,0.68,0.32,139.7,2,1.51,0.49,62.9,73.1,1.4,0.1,2020,33
6,EVE,1,1,0.37,0,0.17,0.53,0.47,181.1,0,0.39,-0.39,246.2,0,0.8,-0.8,120.0,480.0,0.6,0.2,2020,33
7,LEE,0,0,0.23,0,0.03,0.26,-0.26,365.4,0,0.14,-0.14,678.6,0,1.17,-1.17,81.2,237.5,0.6,0.6,2020,33
8,LEI,2,2,1.41,0,0.1,1.51,0.49,62.9,2,1.21,0.79,78.5,1,0.74,0.26,128.4,105.6,0.6,0.2,2020,33
9,LIV,1,1,2.3,0,0.15,2.44,-1.44,39.8,0,1.35,-1.35,71.9,1,1.04,-0.04,93.3,97.0,1.0,0.1,2020,33
10,MUN,0,0,0.55,0,0.62,1.17,-1.17,81.2,0,1.76,-1.76,54.0,0,0.26,-0.26,365.4,475.0,0.2,0.0,2020,33
11,NEW,1,1,0.98,0,0.06,1.04,-0.04,93.3,1,0.72,0.28,134.7,1,2.44,-1.44,39.8,53.9,2.3,0.1,2020,33
12,SHU,1,1,0.72,0,0.02,0.74,0.26,128.4,0,0.31,-0.31,306.5,0,2.01,-2.01,47.3,158.3,1.9,0.1,2020,33
13,WBA,2,1,0.44,0,0.22,1.46,0.54,65.1,0,0.25,-0.25,380.0,2,3.27,-1.27,29.1,32.8,1.8,0.7,2020,33
14,WHU,0,0,0.24,0,0.16,0.4,-0.4,240.0,0,0.21,-0.21,457.1,1,2.54,-1.54,37.8,56.5,2.4,0.1,2020,33
15,WOL,0,0,0.27,0,0.16,0.43,-0.43,216.3,0,0.16,-0.16,581.3,4,2.03,1.97,45.8,33.2,1.6,0.4,2020,33
0,ARS,2,2,1.49,0,0.47,1.96,0.04,49.0,2,1.68,0.32,57.1,0,0.27,-0.27,355.6,960.0,0.1,0.1,2020,34
1,AVL,2,2,1.56,0,0.06,1.62,0.38,58.0,1,0.71,0.29,132.4,1,1.02,-0.02,92.2,470.0,0.9,0.1,2020,34
2,BHA,2,1,1.32,0,0.16,2.27,-0.27,41.4,0,0.58,-0.58,162.1,0,0.62,-0.62,151.6,134.3,0.4,0.3,2020,34
3,BUR,1,0,1.27,0,0.17,2.23,-1.23,42.2,0,0.41,-0.41,229.3,2,2.33,-0.33,40.3,52.2,2.0,0.3,2020,34
4,CHE,2,2,1.39,0,0.41,1.8,0.2,53.3,2,0.93,1.07,103.2,0,0.33,-0.33,290.9,960.0,0.2,0.1,2020,34
5,CRY,0,0,0.9,0,0.04,0.94,-0.94,100.0,0,0.37,-0.37,254.1,2,1.83,0.17,51.4,188.0,0.9,0.9,2020,34
6,EVE,1,0,0.9,1,0.11,1.02,-0.02,92.2,1,0.56,0.44,167.9,2,1.62,0.38,58.0,52.2,1.6,0.1,2020,34
7,FUL,0,0,0.18,0,0.14,0.33,-0.33,290.9,0,0.41,-0.41,234.1,2,1.8,0.2,53.3,43.6,1.4,0.4,2020,34
8,LEE,0,0,0.36,0,0.26,0.62,-0.62,151.6,0,0.36,-0.36,261.1,2,2.27,-0.27,41.4,42.7,1.3,0.2,2020,34
9,LEI,1,1,1.64,0,0.31,1.95,-0.95,48.2,1,1.83,-0.83,51.4,1,0.97,0.03,96.9,78.3,0.1,0.1,2020,34
10,MCI,2,2,0.95,0,0.89,1.83,0.17,51.4,1,0.64,0.36,146.9,0,0.94,-0.94,100.0,85.5,0.9,0.0,2020,34
11,NEW,0,0,0.14,0,0.13,0.27,-0.27,355.6,0,0.23,-0.23,417.4,2,1.96,0.04,49.0,56.5,1.5,0.5,2020,34
12,SHU,0,0,0.41,0,0.06,0.47,-0.47,200.0,0,0.47,-0.47,200.0,4,2.21,1.79,42.5,39.2,2.0,0.2,2020,34
13,SOU,1,0,0.13,0,0.06,0.97,0.03,96.9,0,0.13,-0.13,723.1,1,1.95,-0.95,48.2,49.5,1.6,0.3,2020,34
14,TOT,4,3,1.97,0,0.25,2.21,1.79,42.5,4,0.78,3.22,120.5,0,0.47,-0.47,200.0,940.0,0.4,0.1,2020,34
15,WBA,1,1,0.96,0,0.19,1.14,-0.14,83.3,1,0.74,0.26,128.4,1,0.98,0.02,96.9,118.8,0.8,0.1,2020,34
16,WHU,2,2,1.98,0,0.34,2.33,-0.33,40.3,2,1.5,0.5,62.7,1,2.23,-1.23,42.2,94.0,1.3,0.2,2020,34
17,WOL,1,1,0.85,0,0.13,0.98,0.02,96.9,0,0.69,-0.69,137.7,1,1.14,-0.14,83.3,67.9,1.0,0.2,2020,34
0,ARS,4,3,1.34,1,0.25,1.59,2.41,122.0,3,1.31,1.69,148.1,1,3.57,-2.57,54.3,242.5,3.1,0.4,2020,35
1,AVL,1,1,0.74,0,0.36,1.11,-0.11,175.7,0,1.32,-1.32,147.7,3,2.8,0.2,69.6,69.6,1.6,0.4,2020,35
2,BHA,1,0,0.19,1,0.12,0.32,0.68,303.1,1,0.54,0.46,179.6,2,1.12,0.88,86.6,53.9,1.0,0.1,2020,35
3,BUR,2,2,1.03,0,0.64,1.67,0.33,56.3,2,0.79,1.21,119.0,0,1.04,-1.04,90.4,235.0,0.9,0.2,2020,35
4,CHE,2,2,2.01,0,0.43,2.44,-0.44,79.1,2,2.03,-0.03,95.1,2,2.44,-0.44,79.1,64.3,1.5,0.1,2020,35
5,CRY,3,1,1.96,1,0.77,3.52,-0.52,53.4,2,1.57,0.43,119.7,3,1.92,1.08,97.9,98.9,1.2,0.7,2020,35
6,EVE,1,1,1.9,0,0.7,2.59,-1.59,74.5,1,2.27,-1.27,85.0,0,1.89,-1.89,102.1,1930.0,1.5,0.4,2020,35
7,FUL,0,0,0.87,0,0.18,1.04,-1.04,90.4,0,0.93,-0.93,101.1,2,1.67,0.33,56.3,52.2,1.0,0.6,2020,35
8,LEE,3,3,2.31,0,0.23,2.54,0.46,37.4,2,1.44,0.56,66.0,1,0.89,0.11,106.7,118.8,0.7,0.1,2020,35
9,LEI,4,3,2.23,1,0.92,3.15,0.85,60.0,4,2.34,1.66,80.8,5,2.91,2.09,64.9,51.1,2.3,0.6,2020,35
10,LIV,6,3,3.8,2,0.69,4.48,1.52,42.4,5,2.59,2.41,73.4,2,3.19,-1.19,59.6,126.7,2.9,0.3,2020,35
11,MCI,1,1,0.91,0,0.1,1.8,-0.8,52.8,1,1.28,-0.28,74.2,2,0.66,1.34,143.9,86.4,0.6,0.1,2020,35
12,MUN,6,5,2.86,0,0.39,4.04,1.96,70.8,5,3.1,1.9,92.3,7,4.17,2.83,68.6,60.9,3.5,0.7,2020,35
13,NEW,4,2,2.1,1,0.57,2.68,1.32,35.4,1,1.02,-0.02,93.1,2,2.24,-0.24,42.4,47.5,1.5,0.7,2020,35
14,SHU,0,0,0.4,0,0.28,0.68,-0.68,138.2,0,0.43,-0.43,218.6,2,2.04,-0.04,46.1,78.3,1.6,0.4,2020,35
15,SOU,3,2,1.89,1,0.48,2.37,0.63,79.7,3,1.39,1.61,136.0,3,3.2,-0.2,59.1,65.2,1.8,0.6,2020,35
16,TOT,1,1,0.75,0,0.15,0.89,0.11,106.7,1,0.46,0.54,206.5,3,2.54,0.46,37.4,31.7,2.3,0.2,2020,35
17,WBA,1,0,1.71,0,0.08,1.79,-0.79,53.6,1,0.92,0.08,104.3,3,0.95,2.05,101.1,56.5,0.7,0.2,2020,35
18,WHU,0,0,1.22,0,0.06,1.28,-1.28,74.2,0,0.56,-0.56,169.6,1,1.53,-0.53,62.1,73.1,1.2,0.3,2020,35
19,WOL,2,2,0.98,0,0.14,1.12,0.88,85.7,1,1.19,-0.19,80.7,1,0.32,0.68,300.0,96.0,0.2,0.1,2020,35
0,AVL,2,2,0.87,0,0.49,1.36,0.64,69.9,1,1.26,-0.26,75.4,3,1.92,1.08,49.5,52.8,1.5,0.4,2020,36
1,BHA,1,1,0.84,0,0.0,0.84,0.16,111.9,1,0.8,0.2,117.5,1,1.73,-0.73,54.3,235.0,1.5,0.2,2020,36
2,BUR,0,0,1.02,0,0.28,1.29,-1.29,72.9,0,0.86,-0.86,109.3,4,1.54,2.46,61.0,62.7,1.3,0.2,2020,36
3,CRY,3,3,1.53,0,0.39,1.92,1.08,49.5,2,0.73,1.27,130.1,2,1.36,0.64,69.9,95.0,0.9,0.5,2020,36
4,EVE,0,0,1.26,0,0.16,1.42,-1.42,66.2,0,0.97,-0.97,96.9,1,1.2,-0.2,78.3,85.5,1.1,0.1,2020,36
5,FUL,1,1,0.66,0,0.2,0.85,0.15,110.6,1,0.67,0.33,140.3,3,1.6,1.4,58.8,42.7,0.8,0.8,2020,36
6,LEE,4,3,1.33,1,0.22,1.54,2.46,61.0,4,0.9,3.1,104.4,0,1.29,-1.29,72.9,94.0,1.0,0.3,2020,36
7,LIV,2,1,1.48,1,0.48,1.96,0.04,49.5,2,1.45,0.55,66.9,1,0.99,0.01,98.0,107.8,0.7,0.3,2020,36
8,MCI,4,3,1.31,1,0.15,1.46,2.54,65.8,3,1.18,1.82,81.4,3,2.23,0.77,43.0,31.0,0.4,0.3,2020,36
9,NEW,3,0,0.38,2,0.27,2.23,0.77,43.0,1,0.38,0.62,252.6,4,1.46,2.54,65.8,45.7,1.3,0.2,2020,36
10,SHU,1,1,1.08,0,0.13,1.2,-0.2,78.3,1,1.25,-0.25,75.2,0,1.42,-1.42,66.2,58.8,1.3,0.2,2020,36
11,SOU,3,2,0.81,1,0.78,1.6,1.4,58.8,3,0.95,2.05,98.9,1,0.85,0.15,110.6,104.4,0.7,0.2,2020,36
12,TOT,2,2,1.98,0,1.24,3.22,-1.22,29.2,1,0.94,0.06,100.0,0,0.91,-0.91,103.3,313.3,0.7,0.2,2020,36
13,WBA,1,1,0.73,0,0.25,0.99,0.01,98.0,1,0.31,0.69,312.9,2,1.96,0.04,49.5,88.2,1.5,0.5,2020,36
14,WHU,1,1,1.51,0,0.22,1.73,-0.73,54.3,0,1.65,-1.65,57.0,1,0.84,0.16,111.9,235.0,0.8,0.0,2020,36
15,WOL,0,0,0.71,0,0.2,0.91,-0.91,103.3,0,0.89,-0.89,105.6,2,3.22,-1.22,29.2,28.5,2.0,1.2,2020,36
0,ARS,3,3,1.85,0,0.0,1.85,1.15,51.9,2,1.18,0.82,81.4,1,1.02,-0.02,94.1,73.8,0.4,0.6,2020,37
1,AVL,2,2,1.25,0,0.16,1.4,0.6,69.3,1,0.74,0.26,131.1,1,0.8,0.2,121.3,121.3,0.8,0.0,2020,37
2,BHA,3,2,0.89,1,0.25,1.14,1.86,84.2,1,1.16,-0.16,82.8,2,0.94,1.06,102.1,60.0,0.8,0.1,2020,37
3,BUR,0,0,0.58,0,0.18,0.76,-0.76,123.7,0,1.08,-1.08,87.0,3,2.73,0.27,34.4,235.0,2.4,0.3,2020,37
4,CHE,2,0,0.94,1,1.44,3.17,-1.17,31.2,0,1.25,-1.25,79.2,1,0.8,0.2,123.8,123.8,0.7,0.1,2020,37
5,CRY,1,0,0.38,1,0.63,1.02,-0.02,94.1,1,1.01,-0.01,95.0,3,1.85,1.15,51.9,50.5,1.8,0.0,2020,37
6,EVE,1,0,0.48,1,0.25,0.73,0.27,130.1,1,0.68,0.32,139.7,0,0.34,-0.34,279.4,475.0,0.1,0.2,2020,37
7,FUL,1,1,0.81,0,0.13,0.94,0.06,100.0,1,0.44,0.56,213.6,1,0.89,0.11,105.6,94.0,0.7,0.2,2020,37
8,LEE,2,1,1.65,0,0.07,1.72,0.28,56.4,1,0.64,0.36,151.6,0,1.6,-1.6,60.6,74.6,1.0,0.6,2020,37
9,LEI,1,1,0.66,0,0.15,0.8,0.2,123.8,1,0.42,0.58,235.7,2,3.17,-1.17,31.2,36.7,0.9,1.4,2020,37
10,LIV,3,1,2.42,2,0.31,2.73,0.27,34.4,3,1.95,1.05,48.2,0,0.76,-0.76,123.7,188.0,0.6,0.2,2020,37
11,MCI,2,1,0.81,0,0.14,0.94,1.06,102.1,1,0.73,0.27,131.5,3,1.14,1.86,84.2,64.0,0.9,0.2,2020,37
12,MUN,1,1,0.7,0,0.19,0.89,0.11,105.6,1,0.69,0.31,136.2,1,0.94,0.06,100.0,117.5,0.8,0.1,2020,37
13,NEW,1,1,1.35,0,0.3,1.65,-0.65,59.4,1,0.84,0.16,116.7,0,0.94,-0.94,104.3,980.0,0.6,0.4,2020,37
14,SHU,0,0,0.57,0,0.37,0.94,-0.94,104.3,0,0.57,-0.57,171.9,1,1.65,-0.65,59.4,98.0,1.4,0.3,2020,37
15,SOU,0,0,1.02,0,0.59,1.6,-1.6,60.6,0,0.55,-0.55,176.4,2,1.72,0.28,56.4,38.8,1.7,0.1,2020,37
16,TOT,1,1,0.78,0,0.01,0.8,0.2,121.3,0,0.56,-0.56,173.2,2,1.4,0.6,69.3,74.6,1.2,0.2,2020,37
17,WBA,1,0,0.27,1,0.86,1.14,-0.14,82.5,0,0.57,-0.57,164.9,3,3.57,-0.57,26.3,26.9,2.1,0.7,2020,37
18,WHU,3,1,2.09,1,0.7,3.57,-0.57,26.3,3,1.39,1.61,67.6,1,1.14,-0.14,82.5,134.3,0.3,0.9,2020,37
19,WOL,0,0,0.12,0,0.22,0.34,-0.34,279.4,0,0.46,-0.46,206.5,1,0.73,0.27,130.1,105.6,0.5,0.2,2020,37
0,ARS,2,2,0.6,0,0.17,0.77,1.23,120.8,2,1.09,0.91,85.3,0,0.2,-0.2,465.0,930.0,0.2,0.0,2020,38
1,AVL,2,0,0.15,1,0.12,1.05,0.95,91.4,1,0.37,0.63,259.5,1,3.28,-2.28,29.3,48.0,3.1,0.2,2020,38
2,BHA,0,0,0.2,0,0.0,0.2,-0.2,465.0,0,0.26,-0.26,357.7,2,0.77,1.23,120.8,103.3,0.6,0.2,2020,38
3,BUR,0,0,0.1,0,0.97,1.06,-1.06,89.6,0,1.17,-1.17,81.2,1,0.49,0.51,193.9,190.0,0.3,0.2,2020,38
4,CHE,1,1,3.08,0,0.21,3.28,-2.28,29.3,1,2.07,-1.07,46.4,2,1.05,0.95,91.4,50.5,0.1,0.1,2020,38
5,CRY,0,0,0.38,0,0.22,0.6,-0.6,156.7,0,0.13,-0.13,723.1,2,1.61,0.39,58.4,55.3,0.8,0.8,2020,38
6,EVE,0,0,0.27,0,0.03,1.09,-1.09,85.3,0,0.25,-0.25,372.0,5,2.56,2.44,36.3,19.4,2.2,0.3,2020,38
7,FUL,0,0,0.93,0,0.08,1.01,-1.01,91.1,0,0.77,-0.77,119.5,2,1.3,0.7,70.8,41.8,0.3,0.2,2020,38
8,LEE,3,0,0.58,2,0.92,2.29,0.71,41.5,1,1.16,-0.16,81.9,1,0.98,0.02,96.9,118.8,0.7,0.3,2020,38
9,LEI,2,0,0.21,0,0.12,1.9,0.1,51.1,0,0.46,-0.46,210.9,4,1.5,2.5,64.7,88.2,1.3,0.2,2020,38
10,LIV,2,1,0.8,1,0.81,1.61,0.39,58.4,2,1.96,0.04,48.0,0,0.6,-0.6,156.7,235.0,0.4,0.2,2020,38
11,MCI,5,4,2.23,0,0.33,2.56,2.44,36.3,5,1.15,3.85,80.9,0,1.09,-1.09,85.3,84.5,0.3,0.0,2020,38
12,MUN,2,1,1.21,0,0.06,2.06,-0.06,47.1,1,0.99,0.01,98.0,1,0.86,0.14,112.8,97.0,0.8,0.1,2020,38
13,NEW,2,1,0.34,0,0.17,1.3,0.7,70.8,0,0.34,-0.34,270.6,0,1.01,-1.01,91.1,inf,0.9,0.1,2020,38
14,SHU,1,1,0.31,0,0.19,0.49,0.51,193.9,1,0.54,0.46,175.9,0,1.06,-1.06,89.6,950.0,0.1,1.0,2020,38
15,SOU,0,0,1.32,0,0.2,1.51,-1.51,62.3,0,0.99,-0.99,94.9,3,1.33,1.67,70.7,55.3,1.1,0.3,2020,38
16,TOT,4,2,1.29,2,0.21,1.5,2.5,64.7,1,1.09,-0.09,89.0,2,1.9,0.1,51.1,32.3,0.2,0.1,2020,38
17,WBA,1,1,0.67,0,0.32,0.98,0.02,96.9,0,0.54,-0.54,175.9,3,2.29,0.71,41.5,35.2,0.6,0.9,2020,38
18,WHU,3,3,1.07,0,0.26,1.33,1.67,70.7,2,0.3,1.7,313.3,0,1.51,-1.51,62.3,72.3,1.3,0.2,2020,38
19,WOL,1,1,0.77,0,0.1,0.86,0.14,112.8,1,0.74,0.26,131.1,2,2.06,-0.06,47.1,46.2,1.2,0.1,2020,38
