,Team,Games Played,GoalsTotal,GoalsIn,GoalsOut,GoalsBCS,GoalsPen,GoalsSP,AttemptsTotal,AttemptsIn,AttemptsBCT,AttemptsSP,AttemptsBlkd,AttemptsHit WW,AttemptsMins Per Chance,AttemptsOn Target,Conversion %Shots,Conversion %Goals,Season,GW ID
0,ARS,1,3,3,0,2,0,1,13,9,3,5,4,1,7.2,5,38.5,23.1,2020,1
1,BHA,1,1,0,1,0,0,0,13,7,2,3,4,0,7.2,3,23.1,7.7,2020,1
2,CHE,1,3,2,1,1,1,1,10,7,1,2,3,0,9.4,5,50.0,30.0,2020,1
3,CRY,1,1,1,0,1,0,0,5,5,3,3,0,0,19.4,3,60.0,20.0,2020,1
4,EVE,1,1,1,0,0,0,1,15,10,2,1,4,0,6.3,4,26.7,6.7,2020,1
5,FUL,1,0,0,0,0,0,0,5,1,0,1,1,0,18.6,2,40.0,0.0,2020,1
6,LEE,1,3,3,0,0,0,0,6,4,0,1,2,0,15.8,3,50.0,50.0,2020,1
7,LEI,1,3,3,0,3,2,0,13,11,4,3,3,0,7.2,7,53.8,23.1,2020,1
8,LIV,1,4,4,0,3,2,2,22,17,3,4,13,0,4.3,6,27.3,18.2,2020,1
9,NEW,1,2,2,0,1,0,0,15,10,1,2,6,0,6.3,2,13.3,13.3,2020,1
10,SHU,1,0,0,0,0,0,0,9,8,1,3,3,1,10.7,1,11.1,0.0,2020,1
11,SOU,1,0,0,0,0,0,0,9,7,2,4,1,0,10.8,5,55.6,0.0,2020,1
12,TOT,1,0,0,0,0,0,0,9,8,2,2,3,0,10.6,5,55.6,0.0,2020,1
13,WBA,1,0,0,0,0,0,0,7,3,0,2,3,0,13.3,1,14.3,0.0,2020,1
14,WHU,1,0,0,0,0,0,0,15,10,0,5,7,1,6.3,3,20.0,0.0,2020,1
15,WOL,1,2,2,0,1,0,1,11,7,3,3,2,1,8.7,4,36.4,18.2,2020,1
0,ARS,1,2,2,0,2,0,0,7,5,2,0,3,0,13.6,3,42.9,28.6,2020,2
1,AVL,1,1,1,0,0,0,1,18,11,0,5,5,0,5.2,2,11.1,5.6,2020,2
2,BHA,1,3,3,0,2,1,0,13,6,2,1,1,1,7.2,6,46.2,23.1,2020,2
3,BUR,1,2,2,0,0,0,1,16,11,2,6,3,1,5.8,5,31.3,12.5,2020,2
4,CHE,1,0,0,0,0,0,0,5,3,1,1,0,0,18.8,3,60.0,0.0,2020,2
5,CRY,1,3,3,0,2,1,0,14,9,2,2,3,0,6.9,5,35.7,21.4,2020,2
6,EVE,1,5,4,1,3,0,2,17,13,4,9,5,0,5.6,7,41.2,29.4,2020,2
7,FUL,1,3,3,0,3,1,0,14,7,3,3,3,1,6.8,6,42.9,21.4,2020,2
8,LEE,1,4,4,0,1,1,1,10,8,1,4,1,0,9.5,7,70.0,40.0,2020,2
9,LEI,1,4,2,2,1,0,0,14,11,1,3,6,0,6.6,6,42.9,28.6,2020,2
10,LIV,1,2,2,0,2,0,0,18,10,3,5,4,0,5.2,5,27.8,11.1,2020,2
11,MCI,1,3,3,0,2,1,0,14,8,3,3,2,0,6.9,9,64.3,21.4,2020,2
12,MUN,1,1,1,0,1,0,0,17,7,2,5,9,0,5.7,4,23.5,5.9,2020,2
13,NEW,1,0,0,0,0,0,0,6,3,1,2,2,0,15.7,0,0.0,0.0,2020,2
14,SHU,1,0,0,0,0,0,0,4,3,1,2,1,0,23.5,1,25.0,0.0,2020,2
15,SOU,1,2,2,0,1,1,0,14,9,3,4,2,1,6.8,7,50.0,14.3,2020,2
16,TOT,1,5,5,0,4,0,0,9,7,4,1,2,0,10.6,6,66.7,55.6,2020,2
17,WBA,1,2,0,2,0,0,1,6,2,0,1,1,0,15.8,4,66.7,33.3,2020,2
18,WHU,1,1,1,0,1,0,0,14,7,3,2,6,1,6.8,2,14.3,7.1,2020,2
19,WOL,1,1,1,0,1,0,1,10,6,1,3,4,0,9.6,1,10.0,10.0,2020,2
0,ARS,1,1,1,0,1,0,0,4,3,3,0,0,0,23.3,3,75.0,25.0,2020,3
1,AVL,1,3,3,0,3,0,1,12,10,4,4,3,0,7.8,5,41.7,25.0,2020,3
2,BHA,1,2,2,0,2,1,0,18,12,5,5,4,4,5.6,5,27.8,11.1,2020,3
3,BUR,1,0,0,0,0,0,0,10,5,0,3,4,0,9.4,2,20.0,0.0,2020,3
4,CHE,1,3,2,1,1,0,1,22,10,3,4,6,1,4.4,10,45.5,13.6,2020,3
5,CRY,1,1,1,0,1,0,1,8,5,1,6,5,1,11.9,1,12.5,12.5,2020,3
6,EVE,1,2,2,0,2,1,0,10,7,3,4,2,0,9.5,5,50.0,20.0,2020,3
7,FUL,1,0,0,0,0,0,0,16,11,0,2,5,0,5.9,2,12.5,0.0,2020,3
8,LEE,1,1,1,0,1,0,0,17,9,2,3,4,0,5.6,8,47.1,5.9,2020,3
9,LEI,1,5,4,1,4,3,0,7,4,4,0,0,0,13.6,7,100.0,71.4,2020,3
10,LIV,1,3,3,0,2,0,0,21,12,4,4,6,0,4.4,8,38.1,14.3,2020,3
11,MCI,1,2,2,0,1,0,2,16,6,2,4,4,1,5.9,5,31.3,12.5,2020,3
12,MUN,1,3,2,1,2,1,1,7,6,2,3,3,0,14.3,3,42.9,42.9,2020,3
13,NEW,1,1,1,0,1,1,0,6,4,1,3,3,0,16.5,1,16.7,16.7,2020,3
14,SHU,1,0,0,0,0,0,0,14,9,2,3,5,0,6.8,4,28.6,0.0,2020,3
15,SOU,1,1,1,0,1,0,0,5,3,1,1,2,0,18.8,1,20.0,20.0,2020,3
16,TOT,1,1,1,0,1,0,0,23,15,4,9,4,2,4.3,12,52.2,4.3,2020,3
17,WBA,1,3,3,0,1,0,1,9,5,1,2,2,0,10.7,3,33.3,33.3,2020,3
18,WHU,1,4,3,1,1,0,2,15,13,3,3,1,1,6.3,7,46.7,26.7,2020,3
19,WOL,1,0,0,0,0,0,0,11,4,0,2,5,0,8.6,2,18.2,0.0,2020,3
0,ARS,1,2,2,0,1,0,0,6,5,1,0,1,0,15.8,5,83.3,33.3,2020,4
1,AVL,1,7,5,2,3,0,2,18,13,6,2,3,1,5.2,11,61.1,38.9,2020,4
2,BHA,1,2,1,1,1,0,0,11,6,1,2,5,0,8.5,3,27.3,18.2,2020,4
3,BUR,1,1,1,0,0,0,1,7,6,0,4,2,0,13.6,3,42.9,14.3,2020,4
4,CHE,1,4,4,0,2,2,1,17,12,3,4,5,0,5.5,6,35.3,23.5,2020,4
5,CRY,1,0,0,0,0,0,0,4,2,0,1,2,0,23.3,0,0.0,0.0,2020,4
6,EVE,1,4,4,0,4,0,2,11,6,4,2,3,0,8.5,6,54.5,36.4,2020,4
7,FUL,1,0,0,0,0,0,0,10,6,1,6,3,0,9.5,2,20.0,0.0,2020,4
8,LEE,1,1,1,0,1,0,1,12,11,5,1,3,0,7.8,7,58.3,8.3,2020,4
9,LEI,1,0,0,0,0,0,0,4,3,1,0,2,0,23.8,0,0.0,0.0,2020,4
10,LIV,1,2,2,0,2,0,0,14,10,4,1,5,0,6.7,8,57.1,14.3,2020,4
11,MCI,1,1,1,0,0,0,0,23,16,0,4,8,2,4.1,1,4.3,4.3,2020,4
12,MUN,1,1,1,0,1,1,0,5,2,1,1,1,0,18.6,2,40.0,20.0,2020,4
13,NEW,1,3,3,0,2,1,0,10,6,3,0,1,0,9.5,5,50.0,30.0,2020,4
14,SHU,1,1,0,1,0,0,0,6,1,0,1,2,0,15.8,2,33.3,16.7,2020,4
15,SOU,1,2,2,0,0,0,0,13,8,1,4,1,0,7.2,7,53.8,15.4,2020,4
16,TOT,1,6,6,0,6,1,1,22,16,7,8,8,0,4.2,8,36.4,27.3,2020,4
17,WBA,1,0,0,0,0,0,0,5,3,0,2,2,0,18.8,2,40.0,0.0,2020,4
18,WHU,1,3,3,0,3,0,0,14,12,3,4,3,1,6.8,6,42.9,21.4,2020,4
19,WOL,1,1,1,0,0,0,0,14,7,2,4,6,0,6.8,5,35.7,7.1,2020,4
0,ARS,1,0,0,0,0,0,0,11,7,1,8,3,0,8.6,3,27.3,0.0,2020,5
1,AVL,1,1,0,1,0,0,0,10,5,1,5,1,0,9.5,4,40.0,10.0,2020,5
2,BHA,1,1,0,1,0,0,0,20,12,0,7,8,0,5.1,3,15.0,5.0,2020,5
3,BUR,1,0,0,0,0,0,0,9,6,2,3,1,2,10.4,4,44.4,0.0,2020,5
4,CHE,1,3,3,0,2,0,0,11,11,2,3,3,0,8.6,5,45.5,27.3,2020,5
5,CRY,1,1,1,0,1,1,0,1,1,1,0,0,0,101.0,1,100.0,100.0,2020,5
6,EVE,1,2,2,0,1,0,1,11,6,3,2,1,1,8.8,5,45.5,18.2,2020,5
7,FUL,1,1,1,0,0,0,0,15,9,2,5,4,1,6.4,6,40.0,6.7,2020,5
8,LEE,1,0,0,0,0,0,0,13,13,1,4,4,0,7.5,2,15.4,0.0,2020,5
9,LEI,1,0,0,0,0,0,0,11,6,0,4,4,0,8.6,5,45.5,0.0,2020,5
10,LIV,1,2,2,0,1,0,0,22,15,4,5,6,0,4.4,8,36.4,9.1,2020,5
11,MCI,1,1,1,0,1,0,0,13,8,3,2,4,0,7.3,5,38.5,7.7,2020,5
12,MUN,1,4,4,0,1,0,1,28,15,2,6,10,0,3.5,12,42.9,14.3,2020,5
13,NEW,1,1,0,1,0,0,0,7,3,1,1,1,0,13.9,4,57.1,14.3,2020,5
14,SHU,1,1,1,0,1,1,0,10,6,3,0,1,0,9.6,6,60.0,10.0,2020,5
15,SOU,1,3,3,0,2,0,1,13,9,2,4,2,0,7.3,6,46.2,23.1,2020,5
16,TOT,1,3,2,1,1,0,0,11,5,3,1,1,1,8.6,6,54.5,27.3,2020,5
17,WBA,1,0,0,0,0,0,0,13,8,0,8,2,0,7.2,6,46.2,0.0,2020,5
18,WHU,1,3,1,2,0,0,2,13,10,1,6,5,0,7.3,4,30.8,23.1,2020,5
19,WOL,1,1,0,1,0,0,0,7,4,1,1,3,0,13.9,3,42.9,14.3,2020,5
0,ARS,1,0,0,0,0,0,0,12,9,0,5,4,0,8.0,4,33.3,0.0,2020,6
1,AVL,1,0,0,0,0,0,0,12,7,3,1,4,0,7.9,3,25.0,0.0,2020,6
2,BHA,1,1,0,1,0,0,0,5,3,1,1,1,0,18.8,3,60.0,20.0,2020,6
3,BUR,1,0,0,0,0,0,0,13,3,1,3,5,0,7.3,3,23.1,0.0,2020,6
4,CHE,1,0,0,0,0,0,0,6,4,0,2,3,0,15.8,1,16.7,0.0,2020,6
5,CRY,1,2,2,0,2,0,0,14,11,4,2,1,0,6.9,10,71.4,14.3,2020,6
6,EVE,1,0,0,0,0,0,0,6,3,0,3,3,1,16.0,2,33.3,0.0,2020,6
7,FUL,1,1,0,1,0,0,0,16,10,1,5,4,1,6.1,3,18.8,6.3,2020,6
8,LEE,1,3,2,1,1,0,0,27,20,3,5,5,0,3.5,9,33.3,11.1,2020,6
9,LEI,1,1,1,0,1,0,0,6,2,2,1,1,0,16.0,2,33.3,16.7,2020,6
10,LIV,1,2,2,0,2,0,0,17,10,5,6,5,1,5.5,5,29.4,11.8,2020,6
11,MCI,1,1,1,0,0,0,0,14,6,1,2,1,0,6.7,7,50.0,7.1,2020,6
12,MUN,1,0,0,0,0,0,0,14,7,0,5,5,0,6.8,4,28.6,0.0,2020,6
13,NEW,1,1,0,1,0,0,1,5,2,0,1,3,0,18.8,2,40.0,20.0,2020,6
14,SHU,1,1,1,0,1,1,0,13,9,2,1,4,0,7.2,2,15.4,7.7,2020,6
15,SOU,1,2,2,0,0,0,0,13,10,0,2,1,0,7.4,6,46.2,15.4,2020,6
16,TOT,1,1,1,0,1,0,1,9,8,1,3,4,0,10.6,3,33.3,11.1,2020,6
17,WBA,1,1,1,0,0,0,0,9,3,0,1,1,1,10.4,3,33.3,11.1,2020,6
18,WHU,1,1,1,0,0,0,0,6,2,0,0,1,0,15.7,2,33.3,16.7,2020,6
19,WOL,1,1,0,1,0,0,1,16,4,0,2,5,0,5.9,3,18.8,6.3,2020,6
0,ARS,1,1,1,0,1,1,0,7,3,1,1,0,1,13.6,2,28.6,14.3,2020,7
1,AVL,1,3,2,1,2,1,1,19,14,4,8,7,0,5.1,10,52.6,15.8,2020,7
2,BHA,1,1,1,0,0,0,0,6,5,0,3,2,0,16.0,2,33.3,16.7,2020,7
3,BUR,1,0,0,0,0,0,0,5,1,1,1,1,0,18.6,0,0.0,0.0,2020,7
4,CHE,1,3,2,1,2,0,1,14,7,2,5,4,0,6.6,9,64.3,21.4,2020,7
5,CRY,1,0,0,0,0,0,0,11,6,1,4,6,0,8.6,2,18.2,0.0,2020,7
6,EVE,1,1,1,0,1,0,0,15,9,1,2,5,0,6.5,4,26.7,6.7,2020,7
7,FUL,1,2,1,1,1,0,0,13,6,2,1,6,0,7.2,4,30.8,15.4,2020,7
8,LEE,1,1,0,1,0,0,1,11,6,3,3,2,1,8.6,4,36.4,9.1,2020,7
9,LEI,1,4,4,0,4,1,0,10,9,5,0,1,0,9.5,8,80.0,40.0,2020,7
10,LIV,1,2,2,0,2,1,0,9,6,2,2,1,0,10.7,5,55.6,22.2,2020,7
11,MCI,1,1,0,1,0,0,0,16,10,2,4,4,0,5.9,8,50.0,6.3,2020,7
12,MUN,1,0,0,0,0,0,0,8,4,0,2,3,0,11.9,2,25.0,0.0,2020,7
13,NEW,1,2,2,0,2,1,0,11,7,4,4,4,0,8.8,4,36.4,18.2,2020,7
14,SHU,1,0,0,0,0,0,0,3,2,1,0,1,0,31.3,1,33.3,0.0,2020,7
15,SOU,1,4,1,3,1,0,3,9,4,1,5,1,1,10.8,4,44.4,44.4,2020,7
16,TOT,1,2,2,0,2,1,0,9,5,3,3,0,2,10.7,3,33.3,22.2,2020,7
17,WBA,1,0,0,0,0,0,0,10,6,0,1,5,0,9.4,1,10.0,0.0,2020,7
18,WHU,1,1,1,0,0,0,0,4,4,0,1,1,0,24.0,3,75.0,25.0,2020,7
19,WOL,1,2,2,0,1,0,0,15,9,3,3,2,2,6.3,5,33.3,13.3,2020,7
0,ARS,1,0,0,0,0,0,0,13,8,2,5,3,0,7.2,2,15.4,0.0,2020,8
1,AVL,1,3,2,1,2,0,0,15,14,2,2,10,0,6.3,5,33.3,20.0,2020,8
2,BHA,1,0,0,0,0,0,0,19,12,2,3,9,0,4.9,3,15.8,0.0,2020,8
3,BUR,1,0,0,0,0,0,0,4,3,0,2,0,0,23.3,1,25.0,0.0,2020,8
4,CHE,1,4,4,0,3,0,2,20,10,4,7,6,2,4.7,9,45.0,20.0,2020,8
5,CRY,1,4,2,2,2,0,2,10,7,3,2,2,0,9.4,6,60.0,40.0,2020,8
6,EVE,1,1,1,0,0,0,0,7,5,0,1,1,1,13.7,1,14.3,14.3,2020,8
7,FUL,1,0,0,0,0,0,0,13,7,2,6,6,0,7.5,3,23.1,0.0,2020,8
8,LEE,1,1,1,0,1,0,0,9,5,1,5,2,0,10.4,3,33.3,11.1,2020,8
9,LEI,1,1,1,0,1,1,0,10,6,2,3,3,0,9.6,3,30.0,10.0,2020,8
10,LIV,1,1,1,0,1,1,0,10,5,1,2,3,0,9.5,3,30.0,10.0,2020,8
11,MCI,1,1,1,0,1,0,0,7,4,3,0,1,0,13.6,2,28.6,14.3,2020,8
12,MUN,1,3,3,0,2,0,0,13,7,4,4,3,0,7.4,5,38.5,23.1,2020,8
13,NEW,1,0,0,0,0,0,0,4,3,0,2,1,0,23.3,2,50.0,0.0,2020,8
14,SHU,1,1,1,0,1,0,1,6,4,1,2,2,0,15.5,3,50.0,16.7,2020,8
15,SOU,1,2,2,0,0,0,0,15,9,0,3,6,0,6.2,7,46.7,13.3,2020,8
16,TOT,1,1,1,0,1,0,0,19,13,3,4,8,0,5.1,5,26.3,5.3,2020,8
17,WBA,1,0,0,0,0,0,0,12,7,1,5,3,1,8.0,2,16.7,0.0,2020,8
18,WHU,1,1,1,0,1,0,0,16,10,2,6,1,2,6.1,7,43.8,6.3,2020,8
19,WOL,1,0,0,0,0,0,0,8,4,1,2,1,0,12.0,2,25.0,0.0,2020,8
0,ARS,1,0,0,0,0,0,0,9,5,1,3,1,0,10.8,2,22.2,0.0,2020,9
1,AVL,1,1,1,0,1,0,1,15,8,4,5,5,0,6.5,4,26.7,6.7,2020,9
2,BHA,1,2,2,0,1,0,0,7,6,3,0,1,0,14.0,3,42.9,28.6,2020,9
3,BUR,1,1,1,0,1,0,0,10,6,4,2,3,1,9.7,4,40.0,10.0,2020,9
4,CHE,1,2,1,1,1,0,1,14,9,4,2,5,0,6.7,3,21.4,14.3,2020,9
5,CRY,1,0,0,0,0,0,0,15,7,2,5,5,0,6.5,5,33.3,0.0,2020,9
6,EVE,1,3,3,0,3,0,0,9,7,4,1,2,0,10.7,7,77.8,33.3,2020,9
7,FUL,1,2,2,0,2,0,0,14,7,3,0,4,0,6.9,6,42.9,14.3,2020,9
8,LEE,1,0,0,0,0,0,0,25,15,2,3,5,3,3.9,4,16.0,0.0,2020,9
9,LEI,1,0,0,0,0,0,0,11,7,3,3,2,0,8.6,4,36.4,0.0,2020,9
10,LIV,1,3,2,1,1,0,2,24,19,7,6,5,2,4.0,11,45.8,12.5,2020,9
11,MCI,1,0,0,0,0,0,0,22,15,2,8,11,0,4.3,5,22.7,0.0,2020,9
12,MUN,1,1,1,0,1,1,0,17,11,3,8,8,0,5.6,7,41.2,5.9,2020,9
13,NEW,1,0,0,0,0,0,0,8,4,0,2,3,1,11.8,1,12.5,0.0,2020,9
14,SHU,1,0,0,0,0,0,0,9,6,2,1,1,1,10.4,5,55.6,0.0,2020,9
15,SOU,1,1,1,0,1,0,0,7,5,2,1,2,0,13.4,2,28.6,14.3,2020,9
16,TOT,1,2,1,1,2,0,0,4,1,2,1,2,0,23.5,2,50.0,50.0,2020,9
17,WBA,1,0,0,0,0,0,0,7,6,1,2,1,1,13.6,2,28.6,0.0,2020,9
18,WHU,1,1,0,1,0,0,0,15,13,2,4,7,1,6.3,3,20.0,6.7,2020,9
19,WOL,1,1,1,0,1,0,0,20,15,2,8,6,1,4.7,9,45.0,5.0,2020,9
0,ARS,1,1,1,0,0,0,1,13,10,2,5,4,0,7.3,2,15.4,7.7,2020,10
1,AVL,1,1,0,1,0,0,0,16,10,3,6,3,1,6.1,6,37.5,6.3,2020,10
2,BHA,1,1,1,0,1,1,0,11,7,3,3,2,0,8.9,3,27.3,9.1,2020,10
3,BUR,1,0,0,0,0,0,0,9,4,0,2,2,0,10.4,1,11.1,0.0,2020,10
4,CHE,1,0,0,0,0,0,0,13,9,0,2,3,0,7.2,3,23.1,0.0,2020,10
5,CRY,1,0,0,0,0,0,0,12,8,1,3,1,0,7.8,3,25.0,0.0,2020,10
6,EVE,1,0,0,0,0,0,0,15,10,2,3,1,0,6.3,8,53.3,0.0,2020,10
7,FUL,1,2,2,0,2,1,0,10,7,4,2,2,0,9.6,5,50.0,20.0,2020,10
8,LEE,1,1,0,1,0,0,0,23,17,5,0,6,1,4.1,6,26.1,4.3,2020,10
9,LEI,1,1,1,0,0,0,0,16,8,2,10,7,2,6.0,3,18.8,6.3,2020,10
10,LIV,1,1,1,0,0,0,0,6,3,0,1,3,0,16.3,2,33.3,16.7,2020,10
11,MCI,1,5,5,0,2,0,1,19,13,2,5,3,1,4.9,6,31.6,26.3,2020,10
12,MUN,1,3,3,0,3,0,2,15,10,6,5,4,0,6.4,6,40.0,20.0,2020,10
13,NEW,1,2,2,0,1,0,0,14,7,2,4,2,0,6.7,7,50.0,14.3,2020,10
14,SHU,1,0,0,0,0,0,0,21,18,6,3,6,0,4.7,5,23.8,0.0,2020,10
15,SOU,1,2,1,1,0,0,2,10,5,0,4,2,0,9.6,5,50.0,20.0,2020,10
16,TOT,1,0,0,0,0,0,0,5,2,0,3,1,0,18.8,1,20.0,0.0,2020,10
17,WBA,1,1,0,1,0,0,1,17,9,2,10,4,0,5.8,6,35.3,5.9,2020,10
18,WHU,1,2,2,0,1,0,1,6,4,1,2,3,0,16.3,2,33.3,33.3,2020,10
19,WOL,1,2,2,0,2,0,0,11,9,3,1,4,1,8.6,5,45.5,18.2,2020,10
0,ARS,1,0,0,0,0,0,0,11,6,0,2,2,0,8.5,2,18.2,0.0,2020,11
1,BHA,1,1,1,0,1,1,0,12,11,3,2,0,0,7.9,4,33.3,8.3,2020,11
2,BUR,1,1,0,1,0,0,0,8,5,1,3,3,0,11.9,3,37.5,12.5,2020,11
3,CHE,1,3,3,0,2,0,1,23,19,7,8,6,0,4.1,10,43.5,13.0,2020,11
4,CRY,1,5,4,1,1,0,1,18,14,1,5,7,0,5.2,6,33.3,27.8,2020,11
5,EVE,1,1,1,0,1,0,0,13,8,4,1,4,0,7.3,6,46.2,7.7,2020,11
6,FUL,1,0,0,0,0,0,0,6,4,0,2,1,0,15.5,1,16.7,0.0,2020,11
7,LEE,1,1,1,0,1,0,0,8,5,1,2,1,0,11.9,3,37.5,12.5,2020,11
8,LEI,1,2,2,0,2,0,0,13,9,2,4,5,2,7.3,4,30.8,15.4,2020,11
9,LIV,1,4,2,2,2,0,1,11,7,2,2,1,0,8.5,6,54.5,36.4,2020,11
10,MCI,1,2,2,0,2,1,0,15,13,6,3,2,1,6.2,5,33.3,13.3,2020,11
11,MUN,1,3,2,1,1,0,0,15,10,3,0,3,1,6.4,6,40.0,20.0,2020,11
12,SHU,1,1,1,0,0,0,1,4,3,0,2,1,0,23.8,1,25.0,25.0,2020,11
13,SOU,1,2,2,0,1,1,1,10,7,2,3,3,0,9.5,3,30.0,20.0,2020,11
14,TOT,1,2,1,1,0,0,0,5,2,0,1,1,0,18.8,3,60.0,40.0,2020,11
15,WBA,1,1,1,0,0,0,0,9,7,0,2,1,1,10.4,4,44.4,11.1,2020,11
16,WHU,1,1,1,0,1,0,1,19,14,6,7,4,1,5.1,6,31.6,5.3,2020,11
17,WOL,1,0,0,0,0,0,0,9,6,0,2,1,0,10.4,3,33.3,0.0,2020,11
0,ARS,1,0,0,0,0,0,0,18,12,3,4,6,0,5.3,6,33.3,0.0,2020,12
1,AVL,1,1,1,0,1,1,0,13,8,1,4,5,0,7.5,2,15.4,7.7,2020,12
2,BHA,1,0,0,0,0,0,0,12,6,1,6,4,0,7.8,4,33.3,0.0,2020,12
3,BUR,1,1,0,1,0,0,1,10,7,1,5,3,0,9.6,2,20.0,10.0,2020,12
4,CHE,1,0,0,0,0,0,0,10,4,1,4,3,1,9.6,3,30.0,0.0,2020,12
5,CRY,1,1,1,0,1,0,1,16,11,2,9,6,1,5.9,5,31.3,6.3,2020,12
6,EVE,1,1,1,0,1,1,0,9,8,1,4,2,0,10.7,4,44.4,11.1,2020,12
7,FUL,1,1,1,0,1,0,1,10,6,5,3,1,0,9.5,5,50.0,10.0,2020,12
8,LEE,1,1,1,0,1,1,0,13,10,1,4,1,0,7.3,7,53.8,7.7,2020,12
9,LEI,1,3,3,0,1,0,0,15,13,2,4,4,1,6.2,6,40.0,20.0,2020,12
10,LIV,1,1,1,0,1,1,0,12,7,3,2,4,0,7.9,6,50.0,8.3,2020,12
11,MCI,1,0,0,0,0,0,0,9,6,3,1,4,0,10.3,2,22.2,0.0,2020,12
12,MUN,1,0,0,0,0,0,0,11,7,0,4,3,0,8.5,2,18.2,0.0,2020,12
13,NEW,1,2,2,0,1,0,0,12,9,1,5,5,0,8.1,6,50.0,16.7,2020,12
14,SHU,1,0,0,0,0,0,0,3,3,0,1,0,0,31.3,0,0.0,0.0,2020,12
15,SOU,1,3,2,1,2,0,1,16,11,4,5,3,0,5.9,6,37.5,18.8,2020,12
16,TOT,1,1,0,1,0,0,0,14,7,2,5,3,0,6.8,6,42.9,7.1,2020,12
17,WBA,1,1,1,0,0,0,0,13,4,0,3,6,0,7.5,3,23.1,7.7,2020,12
18,WHU,1,2,2,0,1,0,2,19,12,3,6,3,1,5.0,8,42.1,10.5,2020,12
19,WOL,1,0,0,0,0,0,0,16,10,1,4,5,1,6.1,7,43.8,0.0,2020,12
0,ARS,1,1,1,0,1,0,0,9,5,1,2,2,1,10.6,4,44.4,11.1,2020,13
1,AVL,1,0,0,0,0,0,0,27,18,1,8,10,1,3.4,6,22.2,0.0,2020,13
2,BHA,1,0,0,0,0,0,0,9,5,2,5,1,1,10.3,4,44.4,0.0,2020,13
3,BUR,1,0,0,0,0,0,0,6,3,0,2,0,0,15.5,4,66.7,0.0,2020,13
4,CHE,1,1,1,0,0,0,0,13,7,2,6,4,1,7.6,3,23.1,7.7,2020,13
5,CRY,1,1,1,0,1,0,0,8,7,2,2,2,0,11.9,2,25.0,12.5,2020,13
6,EVE,1,2,1,1,1,0,1,11,9,2,8,4,0,8.6,6,54.5,18.2,2020,13
7,FUL,1,0,0,0,0,0,0,9,7,2,3,2,0,10.3,4,44.4,0.0,2020,13
8,LEE,1,5,4,1,3,0,0,25,17,3,4,7,0,3.8,10,40.0,20.0,2020,13
9,LEI,1,0,0,0,0,0,0,14,5,1,4,8,0,6.8,2,14.3,0.0,2020,13
10,LIV,1,2,2,0,0,0,1,17,15,0,3,5,0,5.5,11,64.7,11.8,2020,13
11,MCI,1,1,1,0,1,0,0,26,17,4,8,8,0,3.7,7,26.9,3.8,2020,13
12,MUN,1,3,1,2,1,0,0,15,9,4,4,3,0,6.4,8,53.3,20.0,2020,13
13,NEW,1,2,2,0,1,0,1,10,8,2,4,1,0,9.5,4,40.0,20.0,2020,13
14,SHU,1,2,2,0,1,0,1,12,9,1,2,1,0,8.0,6,50.0,16.7,2020,13
15,SOU,1,1,1,0,1,0,0,13,5,2,3,2,1,7.3,3,23.1,7.7,2020,13
16,TOT,1,1,1,0,1,0,0,8,5,4,2,0,1,11.8,2,25.0,12.5,2020,13
17,WBA,1,1,0,1,0,0,1,5,3,1,2,0,0,19.0,1,20.0,20.0,2020,13
18,WHU,1,1,1,0,0,0,0,9,5,0,1,0,0,10.6,2,22.2,11.1,2020,13
19,WOL,1,2,2,0,0,0,1,12,6,1,4,2,0,8.3,4,33.3,16.7,2020,13
0,ARS,1,1,1,0,1,1,0,13,9,1,2,4,0,7.5,2,15.4,7.7,2020,14
1,AVL,1,3,2,1,2,1,0,19,11,3,2,3,0,4.9,10,52.6,15.8,2020,14
2,BHA,1,1,1,0,1,0,1,21,16,4,8,9,1,4.5,4,19.0,4.8,2020,14
3,BUR,1,2,2,0,1,0,1,10,6,2,3,1,1,9.6,4,40.0,20.0,2020,14
4,CHE,1,3,3,0,3,0,1,11,9,6,3,1,1,8.5,7,63.6,27.3,2020,14
5,CRY,1,0,0,0,0,0,0,5,4,1,2,0,0,18.4,3,60.0,0.0,2020,14
6,EVE,1,2,1,1,0,0,1,9,3,1,5,3,0,10.8,2,22.2,22.2,2020,14
7,FUL,1,1,0,1,0,0,1,11,6,2,6,3,0,8.7,4,36.4,9.1,2020,14
8,LEE,1,2,1,1,0,0,1,17,14,3,4,7,0,5.5,4,23.5,11.8,2020,14
9,LEI,1,2,1,1,1,1,0,17,12,1,3,7,0,5.6,4,23.5,11.8,2020,14
10,LIV,1,7,5,2,4,0,1,14,11,5,4,3,0,6.6,7,50.0,50.0,2020,14
11,MCI,1,1,1,0,0,0,0,11,5,1,2,2,0,8.7,5,45.5,9.1,2020,14
12,MUN,1,6,5,1,4,1,1,26,19,7,8,6,0,3.6,14,53.8,23.1,2020,14
13,NEW,1,1,1,0,1,1,0,12,6,1,5,2,0,8.0,5,41.7,8.3,2020,14
14,SHU,1,1,1,0,0,0,0,5,3,1,2,0,0,19.0,3,60.0,20.0,2020,14
15,SOU,1,0,0,0,0,0,0,9,7,1,2,3,0,10.7,3,33.3,0.0,2020,14
16,TOT,1,0,0,0,0,0,0,8,5,1,7,1,0,11.9,3,37.5,0.0,2020,14
17,WBA,1,0,0,0,0,0,0,1,0,0,1,0,0,94.0,1,100.0,0.0,2020,14
18,WHU,1,0,0,0,0,0,0,6,6,0,2,2,0,15.5,0,0.0,0.0,2020,14
19,WOL,1,1,1,0,1,1,0,15,9,1,5,7,0,6.4,3,20.0,6.7,2020,14
0,ARS,1,3,2,1,1,1,1,15,12,3,3,4,1,6.4,7,46.7,20.0,2020,15
1,AVL,1,3,3,0,2,0,1,20,17,8,5,5,3,4.7,9,45.0,15.0,2020,15
2,BHA,1,2,2,0,2,0,1,13,8,2,2,5,0,7.3,4,30.8,15.4,2020,15
3,BUR,1,0,0,0,0,0,0,14,10,2,5,4,0,6.7,6,42.9,0.0,2020,15
4,CHE,1,1,1,0,1,0,0,19,11,3,7,5,1,5.1,3,15.8,5.3,2020,15
5,CRY,1,0,0,0,0,0,0,13,6,1,4,1,0,7.2,6,46.2,0.0,2020,15
6,EVE,1,1,1,0,0,0,0,7,4,1,1,1,0,13.7,3,42.9,14.3,2020,15
7,FUL,1,0,0,0,0,0,0,10,7,1,2,5,0,9.5,1,10.0,0.0,2020,15
8,LEE,1,1,1,0,1,1,0,11,6,3,1,2,0,8.5,4,36.4,9.1,2020,15
9,LEI,1,2,1,2,1,0,0,10,5,2,5,4,0,9.5,2,20.0,20.0,2020,15
10,LIV,1,1,1,0,1,0,0,17,8,2,7,4,0,5.6,2,11.8,5.9,2020,15
11,MCI,1,2,2,0,2,0,0,11,8,7,1,3,1,8.5,6,54.5,18.2,2020,15
12,MUN,1,2,2,0,2,0,0,9,8,5,2,1,0,10.6,4,44.4,22.2,2020,15
13,NEW,1,0,0,0,0,0,0,7,4,0,4,2,0,13.4,2,28.6,0.0,2020,15
14,SHU,1,0,0,0,0,0,0,10,9,1,7,4,0,9.6,1,10.0,0.0,2020,15
15,SOU,1,0,0,0,0,0,0,3,1,1,2,0,0,31.7,2,66.7,0.0,2020,15
16,TOT,1,1,0,1,0,0,1,6,4,0,3,1,0,16.2,3,50.0,16.7,2020,15
17,WBA,1,1,1,0,1,0,1,5,3,2,1,1,0,19.2,3,60.0,20.0,2020,15
18,WHU,1,2,2,0,2,0,1,11,8,2,4,5,0,8.6,4,36.4,18.2,2020,15
19,WOL,1,1,1,0,0,0,1,11,7,1,3,3,0,8.8,6,54.5,9.1,2020,15
0,ARS,1,1,1,0,0,0,0,11,9,1,5,2,0,8.7,3,27.3,9.1,2020,16
1,AVL,1,1,1,0,1,0,0,10,7,1,3,3,1,9.5,2,20.0,10.0,2020,16
2,BHA,1,0,0,0,0,0,0,13,9,0,6,6,0,7.4,2,15.4,0.0,2020,16
3,BUR,1,1,1,0,0,0,1,5,4,2,3,0,0,19.0,3,60.0,20.0,2020,16
4,CHE,1,1,1,0,0,0,0,16,10,1,2,4,0,5.9,5,31.3,6.3,2020,16
5,CRY,1,1,1,0,0,0,0,4,4,0,1,0,0,23.8,1,25.0,25.0,2020,16
6,LEE,1,5,2,3,1,0,0,14,8,2,1,5,0,6.6,6,42.9,35.7,2020,16
7,LEI,1,1,0,1,0,0,0,17,9,2,6,4,0,5.6,3,17.6,5.9,2020,16
8,LIV,1,0,0,0,0,0,0,11,6,3,5,3,0,8.6,4,36.4,0.0,2020,16
9,MUN,1,1,1,0,0,0,0,11,6,3,1,3,0,8.8,3,27.3,9.1,2020,16
10,NEW,1,0,0,0,0,0,0,8,5,1,3,2,0,11.9,2,25.0,0.0,2020,16
11,SHU,1,0,0,0,0,0,0,7,4,1,2,3,0,13.6,2,28.6,0.0,2020,16
12,SOU,1,0,0,0,0,0,0,8,4,1,2,1,0,11.8,3,37.5,0.0,2020,16
13,WBA,1,0,0,0,0,0,0,4,2,1,0,1,0,23.3,1,25.0,0.0,2020,16
14,WHU,1,0,0,0,0,0,0,8,6,1,2,2,0,11.8,3,37.5,0.0,2020,16
15,WOL,1,0,0,0,0,0,0,9,7,0,2,2,1,10.8,5,55.6,0.0,2020,16
0,ARS,1,4,4,0,3,0,0,21,17,5,2,3,0,4.5,11,52.4,19.0,2020,17
1,AVL,1,1,1,0,1,0,1,15,12,2,5,4,0,6.4,5,33.3,6.7,2020,17
2,BHA,1,3,3,0,2,1,1,13,10,3,4,6,1,7.2,4,30.8,23.1,2020,17
3,CHE,1,1,1,0,1,0,0,9,5,1,3,5,0,10.3,2,22.2,11.1,2020,17
4,CRY,1,2,1,1,0,0,0,9,6,0,1,3,1,10.7,4,44.4,22.2,2020,17
5,EVE,1,0,0,0,0,0,0,10,5,0,5,3,0,9.4,2,20.0,0.0,2020,17
6,LEE,1,0,0,0,0,0,0,18,10,1,1,4,0,5.2,5,27.8,0.0,2020,17
7,LEI,1,2,1,1,0,0,0,9,4,1,2,1,0,10.6,3,33.3,22.2,2020,17
8,LIV,1,0,0,0,0,0,0,17,12,2,6,5,0,5.5,1,5.9,0.0,2020,17
9,MCI,1,3,3,0,2,0,0,18,14,6,3,4,1,5.2,6,33.3,16.7,2020,17
10,MUN,1,2,2,0,2,1,0,19,12,3,5,5,0,5.1,9,47.4,10.5,2020,17
11,NEW,1,1,1,0,0,0,1,8,5,0,6,3,0,11.9,2,25.0,12.5,2020,17
12,SHU,1,0,0,0,0,0,0,7,4,0,2,4,0,13.7,2,28.6,0.0,2020,17
13,SOU,1,1,1,0,0,0,1,7,1,1,1,2,0,13.4,2,28.6,14.3,2020,17
14,TOT,1,3,3,0,2,1,1,20,14,4,7,4,0,4.7,7,35.0,15.0,2020,17
15,WBA,1,0,0,0,0,0,0,7,4,2,1,1,0,13.4,3,42.9,0.0,2020,17
16,WHU,1,1,1,0,1,0,0,11,7,3,3,1,0,8.5,5,45.5,9.1,2020,17
17,WOL,1,3,2,1,1,1,1,11,7,2,3,3,0,8.5,4,36.4,27.3,2020,17
0,ARS,1,0,0,0,0,0,0,11,5,0,6,2,0,8.5,4,36.4,0.0,2020,18
1,BHA,1,0,0,0,0,0,0,5,2,0,1,1,0,18.8,1,20.0,0.0,2020,18
2,BUR,1,0,0,0,0,0,0,11,6,2,1,5,0,8.9,0,0.0,0.0,2020,18
3,CRY,1,0,0,0,0,0,0,12,8,0,4,4,1,7.8,2,16.7,0.0,2020,18
4,EVE,1,2,2,0,0,0,1,5,5,1,2,1,0,19.2,3,60.0,40.0,2020,18
5,FUL,1,1,1,0,0,0,0,15,10,1,5,6,0,6.3,4,26.7,6.7,2020,18
6,MCI,1,1,1,0,0,0,0,16,13,4,4,6,1,5.9,6,37.5,6.3,2020,18
7,MUN,1,1,1,0,0,0,0,13,9,1,1,4,0,7.5,7,53.8,7.7,2020,18
8,NEW,1,0,0,0,0,0,0,7,4,1,4,1,0,13.9,3,42.9,0.0,2020,18
9,SHU,1,1,1,0,1,1,0,17,13,2,1,7,0,5.7,4,23.5,5.9,2020,18
10,TOT,1,1,1,0,1,0,0,15,10,7,5,3,1,6.3,6,40.0,6.7,2020,18
11,WOL,1,1,1,0,1,0,1,12,7,1,5,3,1,8.0,3,25.0,8.3,2020,18
0,ARS,1,3,3,0,1,0,0,20,14,3,4,3,1,4.7,6,30.0,15.0,2020,19
1,AVL,2,2,2,0,1,0,1,25,15,5,8,6,0,7.5,9,36.0,8.0,2020,19
2,BHA,1,1,1,0,1,0,0,7,5,1,1,2,0,13.3,2,28.6,14.3,2020,19
3,BUR,2,1,1,0,1,1,0,16,8,1,4,5,0,11.9,6,37.5,6.3,2020,19
4,CHE,2,1,1,0,0,0,0,30,21,2,9,9,1,6.3,11,36.7,3.3,2020,19
5,CRY,1,0,0,0,0,0,0,2,1,0,0,1,0,46.0,0,0.0,0.0,2020,19
6,FUL,2,1,1,0,1,0,0,22,15,3,3,6,0,8.7,7,31.8,4.5,2020,19
7,LEE,1,0,0,0,0,0,0,7,4,0,1,2,0,13.3,2,28.6,0.0,2020,19
8,LEI,2,4,3,1,2,0,1,24,18,7,3,3,1,8.0,10,41.7,16.7,2020,19
9,LIV,2,0,0,0,0,0,0,44,25,2,5,19,1,4.3,9,20.5,0.0,2020,19
10,MCI,2,6,3,3,2,1,4,41,27,5,14,16,1,4.5,15,36.6,14.6,2020,19
11,MUN,2,2,1,1,1,0,0,23,15,5,8,7,1,8.2,9,39.1,8.7,2020,19
12,NEW,2,0,0,0,0,0,0,11,9,0,4,3,0,17.0,2,18.2,0.0,2020,19
13,SHU,1,1,1,0,1,0,0,15,7,1,1,7,0,6.3,5,33.3,6.7,2020,19
14,SOU,1,0,0,0,0,0,0,8,5,1,1,0,1,12.1,3,37.5,0.0,2020,19
15,TOT,1,3,2,1,1,0,1,14,5,2,3,5,1,6.7,5,35.7,21.4,2020,19
16,WBA,2,4,3,1,2,2,1,18,10,4,4,2,0,10.6,7,38.9,22.2,2020,19
17,WHU,2,3,3,0,3,0,0,29,20,4,10,9,1,6.6,9,31.0,10.3,2020,19
18,WOL,1,2,2,0,2,0,2,23,15,2,11,7,0,4.1,6,26.1,8.7,2020,19
0,ARS,1,3,2,1,3,0,0,9,7,4,1,1,0,10.7,4,44.4,33.3,2020,20
1,AVL,1,2,2,0,2,0,0,18,14,5,5,3,1,5.3,10,55.6,11.1,2020,20
2,BHA,1,0,0,0,0,0,0,16,12,3,6,6,0,5.8,5,31.3,0.0,2020,20
3,BUR,1,3,2,1,1,0,1,10,5,1,1,2,0,9.5,5,50.0,30.0,2020,20
4,CHE,1,0,0,0,0,0,0,14,9,0,4,4,0,6.7,5,35.7,0.0,2020,20
5,CRY,1,2,1,1,0,0,0,6,2,1,0,0,0,16.2,3,50.0,33.3,2020,20
6,EVE,1,1,0,1,0,0,0,8,5,0,4,2,0,11.8,2,25.0,12.5,2020,20
7,FUL,1,0,0,0,0,0,0,10,8,0,0,3,0,9.3,2,20.0,0.0,2020,20
8,LEE,1,2,2,0,0,0,0,9,8,0,1,3,1,10.4,2,22.2,22.2,2020,20
9,LEI,1,1,0,1,0,0,1,19,7,0,6,10,0,4.9,6,31.6,5.3,2020,20
10,LIV,1,3,3,0,2,0,0,14,11,4,0,1,0,6.9,7,50.0,21.4,2020,20
11,MCI,1,5,4,1,2,0,0,18,12,2,3,7,1,5.2,7,38.9,27.8,2020,20
12,MUN,1,1,1,0,0,0,1,16,10,1,6,7,0,5.9,4,25.0,6.3,2020,20
13,NEW,1,1,1,0,1,0,0,22,9,1,11,7,1,4.3,5,22.7,4.5,2020,20
14,SHU,1,2,2,0,1,0,1,5,5,1,1,1,0,19.0,3,60.0,40.0,2020,20
15,SOU,1,1,1,0,0,0,1,13,8,1,4,3,0,7.4,5,38.5,7.7,2020,20
16,TOT,1,1,0,1,0,0,0,3,1,0,0,0,0,32.0,2,66.7,33.3,2020,20
17,WBA,1,0,0,0,0,0,0,4,4,1,3,1,0,23.3,1,25.0,0.0,2020,20
18,WHU,1,3,3,0,3,0,2,17,10,5,2,4,2,5.7,7,41.2,17.6,2020,20
19,WOL,1,0,0,0,0,0,0,4,2,1,2,0,1,23.5,0,0.0,0.0,2020,20
0,ARS,1,0,0,0,0,0,0,17,8,0,6,6,1,5.7,3,17.6,0.0,2020,21
1,AVL,1,1,1,0,1,0,0,8,7,1,1,1,0,12.3,4,50.0,12.5,2020,21
2,BHA,1,1,1,0,0,0,0,16,11,1,4,6,1,5.9,3,18.8,6.3,2020,21
3,BUR,1,0,0,0,0,0,0,1,1,1,1,0,0,95.0,0,0.0,0.0,2020,21
4,CHE,1,2,2,0,0,0,0,19,11,2,0,2,0,5.0,8,42.1,10.5,2020,21
5,CRY,1,1,1,0,0,0,0,11,5,2,2,3,1,8.5,2,18.2,9.1,2020,21
6,EVE,1,0,0,0,0,0,0,11,8,1,5,2,0,8.7,3,27.3,0.0,2020,21
7,FUL,1,2,2,0,2,0,0,12,8,3,2,2,1,7.8,7,58.3,16.7,2020,21
8,LEE,1,3,3,0,2,0,0,8,7,4,2,2,0,11.8,6,75.0,37.5,2020,21
9,LEI,1,1,1,0,0,0,0,18,7,3,5,6,0,5.2,8,44.4,5.6,2020,21
10,LIV,1,3,3,0,2,0,0,14,10,3,1,3,0,6.6,5,35.7,21.4,2020,21
11,MCI,1,1,1,0,1,0,0,10,6,2,2,4,0,9.6,5,50.0,10.0,2020,21
12,MUN,1,0,0,0,0,0,0,14,8,2,4,3,0,6.9,3,21.4,0.0,2020,21
13,NEW,1,2,2,0,1,0,1,13,9,4,5,5,1,7.4,3,23.1,15.4,2020,21
14,SHU,1,0,0,0,0,0,0,4,0,0,0,1,0,24.0,1,25.0,0.0,2020,21
15,SOU,1,0,0,0,0,0,0,20,11,4,8,10,0,4.9,4,20.0,0.0,2020,21
16,TOT,1,0,0,0,0,0,0,8,3,0,2,3,0,11.9,4,50.0,0.0,2020,21
17,WBA,1,2,2,0,2,0,0,5,4,2,1,0,0,18.6,3,60.0,40.0,2020,21
18,WHU,1,1,1,0,1,0,1,8,6,1,4,3,0,11.6,2,25.0,12.5,2020,21
19,WOL,1,0,0,0,0,0,0,6,4,1,3,1,0,15.5,4,66.7,0.0,2020,21
0,ARS,1,1,1,0,0,0,0,9,6,1,1,5,1,10.7,3,33.3,11.1,2020,22
1,AVL,1,1,1,0,1,0,0,9,6,1,4,2,1,10.6,2,22.2,11.1,2020,22
2,BHA,1,1,1,0,1,0,0,13,12,1,6,2,0,7.3,4,30.8,7.7,2020,22
3,BUR,1,0,0,0,0,0,0,2,1,0,0,0,0,46.5,0,0.0,0.0,2020,22
4,CHE,1,1,1,0,1,1,0,16,12,3,2,7,0,5.9,2,12.5,6.3,2020,22
5,CRY,1,2,1,1,0,0,1,6,3,1,2,1,0,15.8,3,50.0,33.3,2020,22
6,EVE,1,2,2,0,2,0,1,10,6,3,3,0,0,9.6,6,60.0,20.0,2020,22
7,FUL,1,0,0,0,0,0,0,8,4,1,1,3,0,11.8,1,12.5,0.0,2020,22
8,LEE,1,1,1,0,0,0,0,16,12,1,4,3,2,6.0,7,43.8,6.3,2020,22
9,LEI,1,2,2,0,2,0,0,9,7,2,2,2,0,10.4,5,55.6,22.2,2020,22
10,LIV,1,0,0,0,0,0,0,11,5,2,0,6,0,8.6,1,9.1,0.0,2020,22
11,MCI,1,2,2,0,2,0,0,13,8,3,0,6,0,7.2,6,46.2,15.4,2020,22
12,MUN,1,9,7,2,7,1,0,24,14,8,3,5,0,3.9,14,58.3,37.5,2020,22
13,NEW,1,1,0,1,0,0,0,21,15,2,6,6,0,4.5,5,23.8,4.8,2020,22
14,SHU,1,2,2,0,1,0,0,14,9,1,3,4,0,6.7,6,42.9,14.3,2020,22
15,SOU,1,0,0,0,0,0,0,3,1,1,1,0,0,31.3,1,33.3,0.0,2020,22
16,TOT,1,0,0,0,0,0,0,7,3,1,2,0,0,13.4,2,28.6,0.0,2020,22
17,WBA,1,1,1,0,1,0,0,8,7,3,3,2,0,11.8,4,50.0,12.5,2020,22
18,WHU,1,3,3,0,0,0,0,20,11,2,3,7,0,4.8,9,45.0,15.0,2020,22
19,WOL,1,2,1,1,1,1,0,11,7,2,3,0,0,8.7,7,63.6,18.2,2020,22
0,ARS,1,0,0,0,0,0,0,14,10,0,4,5,0,6.9,3,21.4,0.0,2020,23
1,AVL,1,1,1,0,0,0,0,12,9,1,1,1,0,8.0,8,66.7,8.3,2020,23
2,BHA,1,1,1,0,0,0,1,10,5,0,3,2,0,9.4,2,20.0,10.0,2020,23
3,BUR,1,1,1,0,0,0,0,20,12,2,8,6,0,4.7,7,35.0,5.0,2020,23
4,CHE,1,2,2,0,2,1,0,9,7,3,2,3,0,10.7,2,22.2,22.2,2020,23
5,CRY,1,0,0,0,0,0,0,8,5,0,2,3,0,11.8,3,37.5,0.0,2020,23
6,EVE,1,3,3,0,2,0,1,6,5,3,1,0,1,16.2,3,50.0,50.0,2020,23
7,FUL,1,0,0,0,0,0,0,20,13,2,4,6,0,5.0,2,10.0,0.0,2020,23
8,LEE,1,2,2,0,1,0,0,17,14,4,5,3,1,5.5,7,41.2,11.8,2020,23
9,LEI,1,0,0,0,0,0,0,13,6,1,3,5,0,7.2,3,23.1,0.0,2020,23
10,LIV,1,1,1,0,1,1,0,8,5,1,2,3,0,11.8,3,37.5,12.5,2020,23
11,MCI,1,4,4,0,3,0,0,8,6,5,0,0,0,11.8,5,62.5,50.0,2020,23
12,MUN,1,3,2,1,1,0,1,14,9,3,4,3,0,6.9,5,35.7,21.4,2020,23
13,NEW,1,3,2,1,1,0,0,6,4,1,1,1,0,16.2,4,66.7,50.0,2020,23
14,SHU,1,1,0,1,0,0,0,8,5,1,2,2,0,12.0,3,37.5,12.5,2020,23
15,SOU,1,2,1,1,0,0,1,14,10,2,6,4,1,6.9,5,35.7,14.3,2020,23
16,TOT,1,2,2,0,2,0,0,13,9,4,3,3,0,7.3,6,46.2,15.4,2020,23
17,WBA,1,0,0,0,0,0,0,4,4,1,2,0,0,23.8,1,25.0,0.0,2020,23
18,WHU,1,0,0,0,0,0,0,8,7,1,6,1,1,12.4,1,12.5,0.0,2020,23
19,WOL,1,0,0,0,0,0,0,13,7,2,5,6,0,7.2,1,7.7,0.0,2020,23
0,ARS,1,4,4,0,2,1,0,13,8,3,0,5,1,7.4,5,38.5,30.8,2020,24
1,AVL,1,0,0,0,0,0,0,4,1,0,0,2,0,23.3,1,25.0,0.0,2020,24
2,BHA,1,0,0,0,0,0,0,26,15,2,7,10,0,3.6,9,34.6,0.0,2020,24
3,BUR,2,4,4,0,2,0,1,24,15,5,9,6,0,8.0,7,29.2,16.7,2020,24
4,CHE,1,2,2,0,2,0,1,18,15,4,6,6,0,5.2,5,27.8,11.1,2020,24
5,CRY,1,0,0,0,0,0,0,13,8,0,3,7,0,7.5,3,23.1,0.0,2020,24
6,EVE,2,1,1,0,1,0,0,10,7,1,2,2,2,19.1,4,40.0,10.0,2020,24
7,FUL,2,3,3,0,2,0,1,20,13,3,6,4,0,9.6,6,30.0,15.0,2020,24
8,LEE,1,2,2,0,1,0,1,9,5,1,1,2,0,10.7,5,55.6,22.2,2020,24
9,LEI,1,3,2,1,2,0,1,11,8,4,2,1,1,8.7,6,54.5,27.3,2020,24
10,LIV,1,1,1,0,0,0,0,15,11,2,7,8,0,6.4,4,26.7,6.7,2020,24
11,MCI,2,6,4,2,2,1,1,31,21,4,6,10,1,6.1,13,41.9,19.4,2020,24
12,MUN,1,1,1,0,0,0,0,10,6,0,3,4,0,9.6,6,60.0,10.0,2020,24
13,NEW,1,0,0,0,0,0,0,10,7,0,3,2,0,9.4,4,40.0,0.0,2020,24
14,SHU,1,0,0,0,0,0,0,8,5,2,0,1,0,12.1,5,62.5,0.0,2020,24
15,SOU,1,1,1,0,1,0,0,7,4,2,0,1,0,13.7,3,42.9,14.3,2020,24
16,TOT,1,0,0,0,0,0,0,7,3,0,1,2,1,13.4,3,42.9,0.0,2020,24
17,WBA,1,1,1,0,0,0,0,7,6,2,1,0,0,13.7,3,42.9,14.3,2020,24
18,WHU,1,3,3,0,2,1,1,13,9,3,4,1,0,7.5,9,69.2,23.1,2020,24
19,WOL,1,2,2,0,1,1,0,10,6,1,3,3,0,9.6,4,40.0,20.0,2020,24
0,ARS,1,0,0,0,0,0,0,7,5,0,0,3,0,13.6,1,14.3,0.0,2020,25
1,AVL,1,1,1,0,1,0,0,11,6,2,5,4,0,8.7,2,18.2,9.1,2020,25
2,BHA,1,1,1,0,1,0,0,25,20,3,7,9,0,3.9,5,20.0,4.0,2020,25
3,BUR,1,0,0,0,0,0,0,6,4,1,1,1,0,15.8,1,16.7,0.0,2020,25
4,CHE,1,1,1,0,1,1,0,9,6,2,4,2,0,10.6,3,33.3,11.1,2020,25
5,CRY,1,2,2,0,0,0,0,3,2,0,0,0,0,32.3,2,66.7,66.7,2020,25
6,EVE,1,2,2,0,2,1,0,9,4,4,3,0,0,10.8,6,66.7,22.2,2020,25
7,FUL,1,1,1,0,1,0,0,15,7,2,2,4,0,6.5,5,33.3,6.7,2020,25
8,LEE,2,3,1,2,0,0,1,29,24,6,12,6,1,6.6,14,48.3,10.3,2020,25
9,LEI,1,2,1,1,1,0,0,16,8,1,3,7,0,6.0,7,43.8,12.5,2020,25
10,LIV,1,0,0,0,0,0,0,15,8,2,4,2,0,6.5,6,40.0,0.0,2020,25
11,MCI,1,1,1,0,1,0,0,15,12,3,2,6,0,6.3,3,20.0,6.7,2020,25
12,MUN,1,3,3,0,2,1,0,15,9,2,3,4,0,6.3,7,46.7,20.0,2020,25
13,NEW,1,1,1,0,0,0,1,10,3,0,4,1,0,9.4,6,60.0,10.0,2020,25
14,SHU,1,0,0,0,0,0,0,4,4,2,3,0,0,24.5,2,50.0,0.0,2020,25
15,SOU,2,1,1,0,1,0,0,17,12,3,8,2,1,11.1,6,35.3,5.9,2020,25
16,TOT,1,1,1,0,0,0,1,20,8,0,7,3,1,4.8,4,20.0,5.0,2020,25
17,WBA,1,0,0,0,0,0,0,10,3,3,3,2,1,9.5,2,20.0,0.0,2020,25
18,WHU,1,2,2,0,1,0,0,4,4,2,1,0,0,24.0,4,100.0,50.0,2020,25
19,WOL,1,1,0,1,0,0,0,15,5,0,2,5,1,6.4,5,33.3,6.7,2020,25
0,ARS,1,3,3,0,2,1,1,12,6,2,3,4,0,8.2,4,33.3,25.0,2020,26
1,AVL,2,1,1,0,1,0,1,25,18,4,8,9,1,7.6,8,32.0,4.0,2020,26
2,BHA,1,0,0,0,0,0,0,15,10,4,2,2,2,6.3,6,40.0,0.0,2020,26
3,BUR,2,1,1,0,1,0,0,22,12,4,6,3,1,8.5,10,45.5,4.5,2020,26
4,CHE,2,1,1,0,0,0,0,29,15,2,3,9,0,6.5,10,34.5,3.4,2020,26
5,CRY,2,0,0,0,0,0,0,11,7,1,5,5,0,17.0,2,18.2,0.0,2020,26
6,EVE,2,2,2,0,2,0,1,18,11,4,6,10,0,10.7,4,22.2,11.1,2020,26
7,FUL,2,0,0,0,0,0,0,27,15,2,10,3,0,7.0,7,25.9,0.0,2020,26
8,LEE,1,0,0,0,0,0,0,13,7,1,4,5,0,7.4,3,23.1,0.0,2020,26
9,LEI,2,2,2,0,1,0,0,24,14,3,6,9,0,8.0,7,29.2,8.3,2020,26
10,LIV,2,2,1,1,1,0,0,23,17,7,2,6,0,8.2,9,39.1,8.7,2020,26
11,MCI,2,6,5,1,3,0,2,32,23,6,4,13,1,5.9,13,40.6,18.8,2020,26
12,MUN,2,0,0,0,0,0,0,22,8,0,4,9,0,8.5,5,22.7,0.0,2020,26
13,NEW,1,1,1,0,0,0,1,19,11,3,6,7,1,5.1,6,31.6,5.3,2020,26
14,SHU,2,1,1,0,1,0,0,17,11,3,6,4,0,11.1,4,23.5,5.9,2020,26
15,SOU,1,0,0,0,0,0,0,9,6,2,7,4,0,10.7,1,11.1,0.0,2020,26
16,TOT,2,5,4,1,1,0,0,25,14,6,3,4,0,7.6,9,36.0,20.0,2020,26
17,WBA,2,1,1,0,0,0,1,17,11,3,4,6,0,11.2,5,29.4,5.9,2020,26
18,WHU,1,1,1,0,1,0,0,9,6,3,2,2,1,10.6,3,33.3,11.1,2020,26
19,WOL,2,2,2,0,0,0,1,20,12,2,4,6,0,9.6,5,25.0,10.0,2020,26
0,ARS,1,1,1,0,0,0,0,15,11,4,0,7,1,6.3,2,13.3,6.7,2020,27
1,AVL,1,0,0,0,0,0,0,9,6,1,4,3,2,10.6,1,11.1,0.0,2020,27
2,BHA,1,1,1,0,1,0,0,7,6,1,3,2,1,13.6,2,28.6,14.3,2020,27
3,BUR,1,1,1,0,1,0,0,9,6,2,1,0,0,10.6,5,55.6,11.1,2020,27
4,CHE,1,2,1,1,1,1,0,19,11,5,5,4,0,4.9,9,47.4,10.5,2020,27
5,CRY,1,1,1,0,1,0,0,5,3,1,3,1,1,19.0,1,20.0,20.0,2020,27
6,EVE,1,0,0,0,0,0,0,7,2,0,2,2,0,13.4,1,14.3,0.0,2020,27
7,FUL,1,1,1,0,0,0,1,10,9,1,1,2,0,9.7,3,30.0,10.0,2020,27
8,LEE,1,0,0,0,0,0,0,17,11,2,2,5,0,5.5,2,11.8,0.0,2020,27
9,LEI,1,2,2,0,2,0,1,8,5,2,2,0,0,11.9,4,50.0,25.0,2020,27
10,LIV,1,0,0,0,0,0,0,16,10,0,5,2,1,6.1,3,18.8,0.0,2020,27
11,MCI,2,5,4,1,3,0,0,40,25,6,5,9,2,4.8,16,40.0,12.5,2020,27
12,MUN,1,2,2,0,1,1,0,8,7,3,0,2,0,12.1,6,75.0,25.0,2020,27
13,NEW,1,0,0,0,0,0,0,9,7,0,4,2,0,10.4,5,55.6,0.0,2020,27
14,SHU,1,0,0,0,0,0,0,8,4,2,2,1,0,11.8,2,25.0,0.0,2020,27
15,SOU,2,4,3,1,3,2,0,26,14,5,8,6,0,7.2,13,50.0,15.4,2020,27
16,TOT,1,4,3,1,3,0,0,12,9,4,2,3,0,7.9,5,41.7,33.3,2020,27
17,WBA,1,0,0,0,0,0,0,13,8,2,5,4,0,7.2,3,23.1,0.0,2020,27
18,WHU,1,2,2,0,2,0,2,16,8,4,8,5,1,5.9,5,31.3,12.5,2020,27
19,WOL,1,0,0,0,0,0,0,10,5,3,6,2,1,9.5,2,20.0,0.0,2020,27
0,ARS,1,2,2,0,1,1,0,13,6,2,0,2,2,7.4,3,23.1,15.4,2020,28
1,AVL,1,1,0,1,0,0,0,15,7,2,2,5,0,6.3,6,40.0,6.7,2020,28
2,BHA,1,2,2,0,1,0,1,8,5,2,3,2,0,11.8,6,75.0,25.0,2020,28
3,BUR,1,2,1,1,0,0,0,14,7,1,4,3,2,6.7,5,35.7,14.3,2020,28
4,CHE,1,0,0,0,0,0,0,15,9,0,0,5,0,6.3,8,53.3,0.0,2020,28
5,CRY,1,1,1,0,1,1,0,6,3,2,0,1,0,15.7,4,66.7,16.7,2020,28
6,EVE,1,1,1,0,1,0,0,14,9,3,5,5,0,6.7,4,28.6,7.1,2020,28
7,FUL,1,0,0,0,0,0,0,3,3,1,0,3,0,30.7,0,0.0,0.0,2020,28
8,LEE,1,0,0,0,0,0,0,7,4,0,3,3,0,13.4,4,57.1,0.0,2020,28
9,LEI,1,5,2,3,2,0,0,19,14,8,3,6,0,4.9,9,47.4,26.3,2020,28
10,LIV,1,1,1,0,0,0,0,12,9,1,2,3,0,9.0,4,33.3,8.3,2020,28
11,MCI,1,3,3,0,3,1,1,8,7,4,2,0,0,11.5,7,87.5,37.5,2020,28
12,MUN,1,1,0,1,0,0,1,15,9,2,1,7,1,6.3,4,26.7,6.7,2020,28
13,NEW,1,1,1,0,1,0,0,12,9,2,1,5,1,7.9,3,25.0,8.3,2020,28
14,SHU,1,0,0,0,0,0,0,1,1,0,0,0,0,93.0,0,0.0,0.0,2020,28
15,SOU,1,1,1,0,1,0,1,9,5,1,3,4,0,10.4,4,44.4,11.1,2020,28
16,TOT,1,1,1,0,0,0,0,6,4,1,4,1,1,16.0,3,50.0,16.7,2020,28
17,WBA,1,0,0,0,0,0,0,12,8,0,6,5,0,7.8,1,8.3,0.0,2020,28
18,WHU,1,0,0,0,0,0,0,7,6,0,0,4,0,13.4,0,0.0,0.0,2020,28
19,WOL,1,0,0,0,0,0,0,10,8,2,3,3,0,10.8,5,50.0,0.0,2020,28
0,ARS,1,3,1,2,1,0,0,16,9,1,2,6,0,5.9,6,37.5,18.8,2020,29
1,AVL,1,0,0,0,0,0,0,8,4,0,2,5,1,11.9,1,12.5,0.0,2020,29
2,BHA,1,3,1,2,0,0,0,11,8,1,1,4,0,8.5,6,54.5,27.3,2020,29
3,FUL,1,1,1,0,1,0,1,13,11,2,7,3,0,7.4,6,46.2,7.7,2020,29
4,LEE,1,2,2,0,1,0,1,13,8,1,7,2,0,7.4,4,30.8,15.4,2020,29
5,NEW,1,0,0,0,0,0,0,3,2,0,1,0,1,31.0,1,33.3,0.0,2020,29
6,TOT,1,2,2,0,2,1,0,9,6,2,3,3,0,10.6,3,33.3,22.2,2020,29
7,WHU,1,3,3,0,1,0,1,15,15,3,2,3,1,6.3,5,33.3,20.0,2020,29
0,ARS,1,0,0,0,0,0,0,3,2,0,1,1,0,31.3,2,66.7,0.0,2020,30
1,AVL,1,3,3,0,2,0,0,14,7,2,5,5,0,6.8,4,28.6,21.4,2020,30
2,BHA,1,1,1,0,1,0,0,5,5,3,3,2,0,19.0,3,60.0,20.0,2020,30
3,BUR,1,2,1,1,1,1,0,7,5,2,0,0,0,13.4,5,71.4,28.6,2020,30
4,CHE,1,2,2,0,2,0,1,18,11,4,8,5,0,5.3,7,38.9,11.1,2020,30
5,CRY,1,1,1,0,1,0,0,13,8,1,1,3,0,7.3,6,46.2,7.7,2020,30
6,EVE,1,1,1,0,0,0,0,15,11,6,4,1,0,6.3,7,46.7,6.7,2020,30
7,FUL,1,1,1,0,1,0,0,15,8,2,1,3,0,6.3,7,46.7,6.7,2020,30
8,LEE,1,2,1,1,1,0,0,23,13,3,4,6,1,4.2,8,34.8,8.7,2020,30
9,LEI,1,0,0,0,0,0,0,5,3,0,1,1,0,18.8,2,40.0,0.0,2020,30
10,LIV,1,3,3,0,3,0,0,16,9,6,1,3,0,5.9,7,43.8,18.8,2020,30
11,MCI,1,2,2,0,1,0,0,11,9,3,2,1,1,8.5,4,36.4,18.2,2020,30
12,MUN,1,2,2,0,2,0,0,15,9,4,2,2,1,6.3,7,46.7,13.3,2020,30
13,NEW,1,2,2,0,2,0,0,22,17,6,5,9,0,4.3,6,27.3,9.1,2020,30
14,SHU,1,1,1,0,1,0,0,9,3,1,3,4,0,10.7,1,11.1,11.1,2020,30
15,SOU,1,3,2,1,2,0,0,24,12,4,3,13,0,3.9,8,33.3,12.5,2020,30
16,TOT,1,2,2,0,2,0,0,11,7,3,5,3,1,8.6,4,36.4,18.2,2020,30
17,WBA,1,5,4,1,2,0,0,14,7,2,3,3,1,6.8,7,50.0,35.7,2020,30
18,WHU,1,3,3,0,1,0,0,9,8,3,1,0,0,10.6,6,66.7,33.3,2020,30
19,WOL,1,2,2,0,2,0,0,20,15,4,5,2,1,4.8,5,25.0,10.0,2020,30
0,ARS,1,3,3,0,3,0,0,14,8,3,2,6,0,6.8,5,35.7,21.4,2020,31
1,AVL,1,1,1,0,0,0,0,9,6,1,1,0,1,10.7,5,55.6,11.1,2020,31
2,BHA,1,0,0,0,0,0,0,23,15,0,8,10,0,4.0,3,13.0,0.0,2020,31
3,BUR,1,1,1,0,1,0,0,24,17,1,9,6,0,4.0,4,16.7,4.2,2020,31
4,CHE,1,4,4,0,2,0,1,23,19,6,5,8,0,4.0,9,39.1,17.4,2020,31
5,CRY,1,1,1,0,1,0,0,1,1,1,0,0,0,92.0,1,100.0,100.0,2020,31
6,EVE,1,0,0,0,0,0,0,8,3,0,1,1,0,11.6,1,12.5,0.0,2020,31
7,FUL,1,0,0,0,0,0,0,14,9,1,5,4,1,6.7,3,21.4,0.0,2020,31
8,LEE,1,2,0,2,0,0,0,2,0,0,0,0,0,48.5,2,100.0,100.0,2020,31
9,LEI,1,2,1,1,1,0,0,15,10,1,3,6,0,6.5,4,26.7,13.3,2020,31
10,LIV,1,2,1,1,1,0,0,23,17,3,7,7,0,4.2,10,43.5,8.7,2020,31
11,MCI,1,1,1,0,1,0,0,29,14,2,9,11,0,3.3,7,24.1,3.4,2020,31
12,MUN,1,3,3,0,2,0,0,12,9,3,1,3,0,8.1,7,58.3,25.0,2020,31
13,NEW,1,2,2,0,0,0,0,10,10,2,2,4,0,9.5,4,40.0,20.0,2020,31
14,SHU,1,0,0,0,0,0,0,7,5,0,1,3,0,13.6,2,28.6,0.0,2020,31
15,SOU,1,0,0,0,0,0,0,14,8,1,4,0,0,6.9,4,28.6,0.0,2020,31
16,TOT,1,1,1,0,1,0,0,12,9,1,4,3,0,8.1,3,25.0,8.3,2020,31
17,WBA,1,3,3,0,3,1,0,15,13,6,6,3,0,6.5,6,40.0,20.0,2020,31
18,WHU,1,3,3,0,2,0,0,4,4,2,0,0,0,24.3,4,100.0,75.0,2020,31
19,WOL,1,1,1,0,0,0,0,7,5,0,5,0,0,13.4,3,42.9,14.3,2020,31
0,ARS,1,1,1,0,1,0,1,18,12,5,7,5,0,5.5,5,27.8,5.6,2020,32
1,AVL,1,1,1,0,1,0,0,8,7,1,2,2,0,11.8,3,37.5,12.5,2020,32
2,BHA,1,0,0,0,0,0,0,11,5,0,3,5,1,8.5,2,18.2,0.0,2020,32
3,BUR,1,1,1,0,1,0,1,10,6,2,4,3,0,9.5,3,30.0,10.0,2020,32
4,CHE,1,0,0,0,0,0,0,7,6,1,1,1,0,13.4,4,57.1,0.0,2020,32
5,EVE,1,2,2,0,1,1,0,18,12,3,5,3,0,5.2,7,38.9,11.1,2020,32
6,FUL,1,1,1,0,1,1,0,3,2,1,0,2,0,33.0,1,33.3,33.3,2020,32
7,LEE,1,1,1,0,0,0,1,12,12,6,4,3,1,7.9,5,41.7,8.3,2020,32
8,LEI,1,3,3,0,3,0,1,17,8,5,3,5,1,5.5,7,41.2,17.6,2020,32
9,LIV,1,1,1,0,1,0,0,17,12,2,4,4,0,5.6,7,41.2,5.9,2020,32
10,MCI,1,2,2,0,2,0,1,13,6,2,6,3,0,7.2,3,23.1,15.4,2020,32
11,MUN,1,3,3,0,2,0,1,17,15,6,4,5,0,5.6,8,47.1,17.6,2020,32
12,NEW,1,3,2,1,1,0,1,16,7,3,3,9,0,6.2,6,37.5,18.8,2020,32
13,SHU,1,0,0,0,0,0,0,8,5,1,2,4,0,11.9,2,25.0,0.0,2020,32
14,SOU,1,1,1,0,0,0,1,10,5,2,4,2,0,9.7,5,50.0,10.0,2020,32
15,TOT,2,4,4,0,3,1,0,24,15,3,3,9,2,8.0,6,25.0,16.7,2020,32
16,WBA,1,0,0,0,0,0,0,4,2,0,2,0,0,23.3,1,25.0,0.0,2020,32
17,WHU,1,2,2,0,2,1,0,16,8,4,5,6,0,6.2,6,37.5,12.5,2020,32
18,WOL,1,1,1,0,0,0,0,10,9,1,3,3,0,9.5,4,40.0,10.0,2020,32
0,ARS,1,0,0,0,0,0,0,14,9,0,3,8,0,6.9,3,21.4,0.0,2020,33
1,AVL,1,2,2,0,2,1,0,24,16,3,6,6,2,4.0,11,45.8,8.3,2020,33
2,BHA,1,0,0,0,0,0,0,17,12,3,3,5,0,5.6,4,23.5,0.0,2020,33
3,BUR,1,4,4,0,2,0,1,14,8,3,3,1,0,6.6,7,50.0,28.6,2020,33
4,CHE,1,1,1,0,1,0,0,17,10,3,3,5,0,5.6,6,35.3,5.9,2020,33
5,CRY,1,1,1,0,1,0,0,4,3,2,2,1,0,23.8,2,50.0,25.0,2020,33
6,EVE,1,1,0,1,0,0,0,8,4,0,4,4,1,12.0,1,12.5,12.5,2020,33
7,LEE,1,0,0,0,0,0,0,6,3,0,1,2,0,15.8,3,50.0,0.0,2020,33
8,LEI,1,2,2,0,1,0,0,13,9,2,2,2,0,7.3,5,38.5,15.4,2020,33
9,LIV,1,1,1,0,0,0,0,22,13,5,5,5,0,4.4,9,40.9,4.5,2020,33
10,MUN,1,0,0,0,0,0,0,16,9,0,7,5,0,5.9,4,25.0,0.0,2020,33
11,NEW,1,1,1,0,0,0,0,7,6,2,1,2,0,13.9,4,57.1,14.3,2020,33
12,SHU,1,1,1,0,1,0,0,7,5,1,1,3,0,13.6,3,42.9,14.3,2020,33
13,WBA,1,2,1,1,1,1,0,10,4,3,3,1,1,9.5,4,40.0,20.0,2020,33
14,WHU,1,0,0,0,0,0,0,9,3,0,3,3,0,10.7,2,22.2,0.0,2020,33
15,WOL,1,0,0,0,0,0,0,12,4,0,5,5,0,7.8,2,16.7,0.0,2020,33
0,ARS,1,2,2,0,1,0,0,19,12,2,8,5,0,5.1,4,21.1,10.5,2020,34
1,AVL,1,2,1,1,1,0,0,13,7,4,1,3,2,7.2,5,38.5,15.4,2020,34
2,BHA,1,2,2,0,1,1,0,17,12,4,2,4,0,5.5,5,29.4,11.8,2020,34
3,BUR,1,1,1,0,1,1,0,8,7,2,2,3,0,11.8,2,25.0,12.5,2020,34
4,CHE,1,2,2,0,2,0,0,9,7,3,4,3,0,10.7,5,55.6,22.2,2020,34
5,CRY,1,0,0,0,0,0,0,9,3,1,1,1,0,10.4,4,44.4,0.0,2020,34
6,EVE,1,1,1,0,1,0,1,16,8,2,2,6,0,5.9,3,18.8,6.3,2020,34
7,FUL,1,0,0,0,0,0,0,10,5,0,5,3,0,9.6,3,30.0,0.0,2020,34
8,LEE,1,0,0,0,0,0,0,11,6,0,3,4,0,8.5,2,18.2,0.0,2020,34
9,LEI,1,1,1,0,1,0,0,23,13,3,5,5,0,4.1,9,39.1,4.3,2020,34
10,MCI,1,2,1,1,0,0,0,20,17,1,6,7,1,4.7,3,15.0,10.0,2020,34
11,NEW,1,0,0,0,0,0,0,5,3,0,2,1,0,19.2,1,20.0,0.0,2020,34
12,SHU,1,0,0,0,0,0,0,8,5,0,1,4,0,11.8,1,12.5,0.0,2020,34
13,SOU,1,1,1,0,1,1,0,5,3,1,1,2,0,18.8,3,60.0,20.0,2020,34
14,TOT,1,4,2,2,2,0,0,20,10,3,5,4,0,4.7,10,50.0,20.0,2020,34
15,WBA,1,1,1,0,1,0,0,10,6,2,2,2,0,9.5,3,30.0,10.0,2020,34
16,WHU,1,2,2,0,2,0,0,22,13,2,4,6,0,4.3,4,18.2,9.1,2020,34
17,WOL,1,1,1,0,0,0,0,20,13,0,2,4,0,4.8,10,50.0,5.0,2020,34
0,ARS,2,4,3,1,2,0,1,20,10,2,6,5,0,9.7,9,45.0,20.0,2020,35
1,AVL,2,1,1,0,0,0,0,24,12,1,8,7,0,8.1,7,29.2,4.2,2020,35
2,BHA,1,1,1,0,0,0,1,5,5,0,3,1,0,19.4,3,60.0,20.0,2020,35
3,BUR,1,2,1,1,1,0,0,14,10,3,5,3,0,6.7,5,35.7,14.3,2020,35
4,CHE,2,2,2,0,0,0,0,31,19,3,6,9,1,6.2,9,29.0,6.5,2020,35
5,CRY,2,3,3,0,1,0,1,32,23,4,12,11,0,5.9,12,37.5,9.4,2020,35
6,EVE,2,1,1,0,1,0,0,24,17,2,8,3,1,8.0,8,33.3,4.2,2020,35
7,FUL,1,0,0,0,0,0,0,21,12,0,3,7,1,4.5,3,14.3,0.0,2020,35
8,LEE,1,3,3,0,3,0,0,16,12,3,2,4,0,5.9,7,43.8,18.8,2020,35
9,LEI,2,4,4,0,1,0,1,37,21,5,10,15,0,5.1,12,32.4,10.8,2020,35
10,LIV,2,6,5,1,5,0,2,31,26,10,10,7,2,6.1,14,45.2,19.4,2020,35
11,MCI,1,1,1,0,1,0,0,16,8,2,2,6,0,5.9,4,25.0,6.3,2020,35
12,MUN,3,6,6,0,2,1,0,40,28,5,5,15,0,7.2,10,25.0,15.0,2020,35
13,NEW,1,4,4,0,4,0,1,14,9,6,7,4,1,6.8,6,42.9,28.6,2020,35
14,SHU,1,0,0,0,0,0,0,7,6,1,4,1,0,13.4,0,0.0,0.0,2020,35
15,SOU,2,3,3,0,2,0,1,25,17,5,6,6,0,7.6,12,48.0,12.0,2020,35
16,TOT,1,1,1,0,1,0,0,11,7,2,2,4,1,8.6,3,27.3,9.1,2020,35
17,WBA,1,1,0,1,0,0,0,12,6,3,3,4,1,8.0,1,8.3,8.3,2020,35
18,WHU,1,0,0,0,0,0,0,11,8,2,2,5,1,8.6,0,0.0,0.0,2020,35
19,WOL,1,2,2,0,0,0,0,16,9,1,3,7,0,6.0,6,37.5,12.5,2020,35
0,AVL,1,2,1,1,1,0,0,19,12,1,8,6,0,5.0,5,26.3,10.5,2020,36
1,BHA,1,1,0,1,1,0,0,10,2,2,0,6,0,9.4,2,20.0,10.0,2020,36
2,BUR,1,0,0,0,0,0,0,16,11,3,4,4,0,5.9,4,25.0,0.0,2020,36
3,CRY,1,3,3,0,1,0,0,23,15,1,9,12,1,4.1,8,34.8,13.0,2020,36
4,EVE,1,0,0,0,0,0,0,16,12,2,4,5,0,5.9,6,37.5,0.0,2020,36
5,FUL,1,1,1,0,1,0,0,10,7,1,3,3,0,9.4,3,30.0,10.0,2020,36
6,LEE,1,4,3,1,2,0,1,16,9,3,4,5,0,5.9,6,37.5,25.0,2020,36
7,LIV,1,2,1,1,0,0,1,26,14,2,6,10,1,3.7,6,23.1,7.7,2020,36
8,MCI,1,4,4,0,2,0,1,15,7,2,2,2,1,6.4,6,40.0,26.7,2020,36
9,NEW,1,3,3,0,2,1,2,11,10,3,3,3,1,8.7,5,45.5,27.3,2020,36
10,SHU,1,1,1,0,1,0,0,10,5,2,3,4,0,9.4,3,30.0,10.0,2020,36
11,SOU,1,3,3,0,2,0,1,11,8,3,3,3,0,8.5,6,54.5,27.3,2020,36
12,TOT,1,2,2,0,2,0,0,24,15,5,8,4,2,3.9,11,45.8,8.3,2020,36
13,WBA,1,1,1,0,1,0,0,9,7,3,5,1,0,10.8,3,33.3,11.1,2020,36
14,WHU,1,1,0,1,0,0,0,15,7,3,2,5,0,6.3,2,13.3,6.7,2020,36
15,WOL,1,0,0,0,0,0,0,15,12,1,3,5,0,6.3,3,20.0,0.0,2020,36
0,ARS,1,3,3,0,2,0,0,6,4,3,0,2,0,16.0,3,50.0,50.0,2020,37
1,AVL,1,2,1,1,1,0,0,20,15,1,4,7,1,4.9,4,20.0,10.0,2020,37
2,BHA,1,3,3,0,0,0,1,19,10,0,4,9,0,5.1,6,31.6,15.8,2020,37
3,BUR,1,0,0,0,0,0,0,10,6,2,2,4,0,9.4,3,30.0,0.0,2020,37
4,CHE,1,2,2,0,2,1,1,17,15,3,6,6,0,5.8,6,35.3,11.8,2020,37
5,CRY,1,1,1,0,1,0,1,12,9,1,5,2,0,8.0,6,50.0,8.3,2020,37
6,EVE,1,1,1,0,0,0,1,14,9,0,5,6,0,6.8,4,28.6,7.1,2020,37
7,FUL,1,1,1,0,1,0,0,8,5,2,4,1,0,11.8,5,62.5,12.5,2020,37
8,LEE,1,2,2,0,2,0,0,15,7,2,2,2,0,6.5,7,46.7,13.3,2020,37
9,LEI,1,1,1,0,1,0,0,7,4,2,1,1,0,14.1,3,42.9,14.3,2020,37
10,LIV,1,3,3,0,0,0,2,20,15,4,5,8,0,4.7,3,15.0,15.0,2020,37
11,MCI,1,2,2,0,1,0,0,8,7,1,2,2,0,12.0,4,50.0,25.0,2020,37
12,MUN,1,1,0,1,0,0,0,13,4,1,3,2,0,7.2,6,46.2,7.7,2020,37
13,NEW,1,1,1,0,1,0,0,16,8,3,6,2,0,6.1,5,31.3,6.3,2020,37
14,SHU,1,0,0,0,0,0,0,11,6,1,5,1,1,8.9,1,9.1,0.0,2020,37
15,SOU,1,0,0,0,0,0,0,18,6,1,6,4,1,5.4,3,16.7,0.0,2020,37
16,TOT,1,1,1,0,0,0,0,10,7,1,1,4,0,9.7,4,40.0,10.0,2020,37
17,WBA,1,1,0,1,0,0,1,14,6,1,8,5,0,6.7,4,28.6,7.1,2020,37
18,WHU,1,3,3,0,3,0,1,21,16,5,7,3,2,4.5,9,42.9,14.3,2020,37
19,WOL,1,0,0,0,0,0,0,9,5,0,6,4,0,10.6,3,33.3,0.0,2020,37
0,ARS,1,2,2,0,0,0,0,16,7,0,4,4,2,5.8,5,31.3,12.5,2020,38
1,AVL,1,2,2,0,1,1,1,6,4,1,2,0,0,16.0,3,50.0,33.3,2020,38
2,BHA,1,0,0,0,0,0,0,5,2,0,0,1,0,18.6,1,20.0,0.0,2020,38
3,BUR,1,0,0,0,0,0,0,10,7,0,7,4,0,9.5,3,30.0,0.0,2020,38
4,CHE,1,1,1,0,1,0,0,23,15,7,4,5,0,4.2,7,30.4,4.3,2020,38
5,CRY,1,0,0,0,0,0,0,5,2,2,2,0,0,18.8,4,80.0,0.0,2020,38
6,EVE,1,0,0,0,0,0,0,8,4,1,2,3,0,11.6,3,37.5,0.0,2020,38
7,FUL,1,0,0,0,0,0,0,14,8,1,2,7,0,6.6,0,0.0,0.0,2020,38
8,LEE,1,3,2,1,2,1,2,17,9,2,5,5,0,5.6,9,52.9,17.6,2020,38
9,LEI,1,2,2,0,2,2,0,10,6,2,3,2,0,9.7,6,60.0,20.0,2020,38
10,LIV,1,2,2,0,1,0,1,19,16,3,8,4,0,4.9,5,26.3,10.5,2020,38
11,MCI,1,5,4,1,4,0,0,21,17,5,6,4,1,4.4,11,52.4,23.8,2020,38
12,MUN,1,2,2,0,2,1,0,9,6,4,1,0,0,10.8,4,44.4,22.2,2020,38
13,NEW,1,2,2,0,1,1,0,10,5,2,2,3,0,9.2,4,40.0,20.0,2020,38
14,SHU,1,1,0,1,0,0,0,12,8,0,4,2,1,7.9,3,25.0,8.3,2020,38
15,SOU,1,0,0,0,0,0,0,17,11,2,4,4,0,5.5,5,29.4,0.0,2020,38
16,TOT,1,4,3,1,2,0,2,11,9,3,4,5,1,8.8,4,36.4,36.4,2020,38
17,WBA,1,1,0,1,1,0,0,14,7,1,3,3,0,6.8,5,35.7,7.1,2020,38
18,WHU,1,3,3,0,2,0,0,14,11,3,3,1,0,6.7,7,50.0,21.4,2020,38
19,WOL,1,1,1,0,0,0,0,14,10,0,2,4,0,6.9,4,28.6,7.1,2020,38
