,Name,Team,Cost,Apps,Mins,Total PassesTotal,Total PassesSP,Total Passes%,Opponents HalfSP,Opponents Half%,Final ThirdSP,Final Third%,CrossingCr,CrossingSP,Crossing%,Assist PotentialCC,Assist PotentialBCC,Assist PotentialA,Assist PotentialFA,Assist PotentialTA,Assist PotentialM/ CC,Position,Gameweek
0,Maximillian Aarons,NOR,4.5,1,90,54,47,87,15,88,7,78,1,0,0.0,1,0,0,0,0,90,Defender,1
1,Kristoffer Ajer,BRE,4.5,1,71,31,19,61,8,67,3,75,0,0,0.0,1,0,0,0,0,71,Defender,1
2,Nathan Aké,MCI,5.0,1,90,65,55,85,5,83,0,0,0,0,0.0,0,0,0,0,0,0,Defender,1
3,Trent Alexander-Arnold,LIV,7.5,1,90,35,27,77,17,94,7,100,8,4,50.0,3,0,0,0,0,30,Defender,1
4,Marcos Alonso,CHE,5.7,1,86,43,38,88,36,92,27,93,5,2,40.0,2,0,0,0,0,43,Defender,1
5,Daniel Amartey,LEI,4.1,1,90,79,73,92,8,80,1,100,0,0,0.0,0,0,0,0,0,0,Defender,1
6,Joachim Andersen,CRY,4.5,1,33,36,29,81,3,43,0,0,0,0,0.0,0,0,0,0,0,0,Defender,1
7,Luke Ayling,LEE,4.5,1,90,67,53,79,5,56,2,67,3,1,33.3,0,0,0,0,0,0,Defender,1
8,César Azpilicueta,CHE,6.0,1,67,55,52,95,41,95,31,94,3,0,0.0,0,0,0,0,0,0,Defender,1
9,Pereira Ricardo,LEI,5.5,1,90,56,40,71,24,83,9,82,1,1,100.0,1,0,1,0,1,90,Defender,1
10,Sørensen Bech,BRE,4.5,1,19,2,0,0,0,0,0,0,0,0,0.0,0,0,0,0,0,0,Defender,1
11,Matthew Cash,AVL,5.0,1,90,64,52,81,20,87,12,92,6,0,0.0,1,0,0,0,0,90,Defender,1
12,Craig Cathcart,WAT,4.5,1,90,28,19,68,6,86,2,100,0,0,0.0,0,0,0,0,0,0,Defender,1
13,Cancelo João,MCI,6.0,1,90,65,57,88,34,87,10,83,3,1,33.3,3,1,0,0,0,30,Defender,1
14,(Trevoh) Chalobah,CHE,5.0,1,90,83,77,93,36,92,6,67,0,0,0.0,0,0,0,0,0,0,Defender,1
15,Calum Chambers,ARS,4.4,1,81,58,48,83,20,83,7,88,2,1,50.0,1,0,0,0,0,81,Defender,1
16,Andreas Christensen,CHE,5.0,1,90,111,105,95,16,94,0,0,0,0,0.0,0,0,0,0,0,0,Defender,1
17,Ciaran Clark,NEW,4.4,1,90,48,35,73,13,93,3,100,0,0,0.0,1,0,0,0,0,90,Defender,1
18,Conor Coady,WOL,4.5,1,90,54,48,89,0,0,0,0,0,0,0.0,0,0,0,0,0,0,Defender,1
19,Seamus Coleman,EVE,5.0,1,90,39,25,64,15,68,8,80,2,1,50.0,1,0,0,0,0,90,Defender,1
20,Liam Cooper,LEE,4.5,1,90,51,46,90,2,67,2,100,1,0,0.0,1,0,0,0,0,90,Defender,1
21,Vladimir Coufal,WHU,5.0,1,90,53,37,70,23,72,12,75,0,0,0.0,2,1,0,0,0,45,Defender,1
22,(Aaron) Cresswell,WHU,5.5,1,90,64,58,91,26,90,11,92,6,1,16.7,1,0,0,0,0,90,Defender,1
23,Craig Dawson,WHU,5.0,1,90,50,47,94,13,93,0,0,0,0,0.0,0,0,0,0,0,0,Defender,1
24,Eric Dier,TOT,4.6,1,90,24,16,67,1,50,0,0,0,0,0.0,0,0,0,0,0,0,Defender,1
25,Lucas Digne,EVE,5.4,1,90,31,24,77,13,81,5,71,8,1,12.5,2,0,0,0,0,45,Defender,1
26,Matt Doherty,TOT,4.9,1,7,3,2,67,1,50,1,100,0,0,0.0,0,0,0,0,0,0,Defender,1
27,Shane Duffy,BHA,4.1,1,90,49,45,92,2,100,0,0,0,0,0.0,0,0,0,0,0,0,Defender,1
28,Lewis Dunk,BHA,5.0,1,90,78,70,90,6,86,1,50,0,0,0.0,0,0,0,0,0,0,Defender,1
29,Federico Fernández,NEW,4.5,1,90,59,58,98,3,100,0,0,0,0,0.0,0,0,0,0,0,0,Defender,1
30,Junior Firpo,LEE,4.9,1,45,29,27,93,5,83,2,100,0,0,0.0,0,0,0,0,0,0,Defender,1
31,Ryan Fredericks,WHU,4.5,1,2,1,1,100,0,0,0,0,0,0,0.0,0,0,0,0,0,0,Defender,1
32,Dias Rúben,MCI,6.0,1,90,59,52,88,12,92,0,0,0,0,0.0,0,0,0,0,0,0,Defender,1
33,Dimitrios Giannoulis,NOR,4.5,1,90,56,49,88,16,84,5,83,5,0,0.0,1,0,0,0,0,90,Defender,1
34,(Ben) Gibson,NOR,4.5,1,90,77,66,86,7,100,0,0,0,0,0.0,0,0,0,0,0,0,Defender,1
35,Guehi Marc,CRY,4.5,1,90,76,68,89,13,87,5,83,0,0,0.0,1,0,0,0,0,90,Defender,1
36,Grant Hanley,NOR,4.5,1,90,53,47,89,1,50,0,0,0,0,0.0,1,0,0,0,0,90,Defender,1
37,Rico Henry,BRE,4.5,1,90,24,21,88,8,80,4,67,1,0,0.0,0,0,0,0,0,0,Defender,1
38,Ki-Jana Hoever,WOL,4.0,1,90,36,28,78,18,78,7,88,3,1,33.3,1,0,0,0,0,90,Defender,1
39,Mason Holgate,EVE,4.5,1,90,43,27,63,2,100,0,0,0,0,0.0,0,0,0,0,0,0,Defender,1
40,(Reece) James,CHE,5.6,1,23,11,10,91,9,90,8,89,0,0,0.0,0,0,0,0,0,0,Defender,1
41,Pontus Jansson,BRE,4.5,1,90,22,17,77,0,0,0,0,0,0,0.0,0,0,0,0,0,0,Defender,1
42,Ben Johnson,WHU,4.0,1,1,1,1,100,1,100,0,0,1,0,0.0,0,0,0,0,0,0,Defender,1
43,Christian Kabasele,WAT,4.5,1,90,41,36,88,1,100,0,0,0,0,0.0,0,0,0,0,0,0,Defender,1
44,Michael Keane,EVE,5.0,1,90,48,37,77,5,71,3,100,1,0,0.0,1,0,0,0,0,90,Defender,1
45,Max Kilman,WOL,4.5,1,89,63,52,83,9,75,4,80,0,0,0.0,0,0,0,0,0,0,Defender,1
46,Robin Koch,LEE,4.4,1,90,27,20,74,4,80,0,0,0,0,0.0,0,0,0,0,0,0,Defender,1
47,Ngoyo Konsa,AVL,5.0,1,90,80,71,89,12,92,2,67,1,0,0.0,0,0,0,0,0,0,Defender,1
48,Cheikhou Kouyaté,CRY,4.5,1,90,54,51,94,7,100,0,0,0,0,0.0,0,0,0,0,0,0,Defender,1
49,Emil Krafth,NEW,4.4,1,84,30,23,77,10,91,3,100,0,0,0.0,0,0,0,0,0,0,Defender,1
50,Valentino Livramento,SOU,4.1,1,90,42,32,76,18,78,10,83,3,1,33.3,0,0,0,0,0,0,Defender,1
51,Matthew Lowton,BUR,4.5,1,90,27,19,70,15,88,10,100,5,0,0.0,1,0,0,0,0,90,Defender,1
52,Harry Maguire,MUN,5.5,1,90,49,38,78,9,90,1,100,0,0,0.0,0,0,0,0,0,0,Defender,1
53,Fernando Marçal,WOL,4.5,1,90,43,34,79,19,79,6,86,5,3,60.0,1,0,0,0,0,90,Defender,1
54,Pablo Marí,ARS,4.5,1,90,60,50,83,15,94,0,0,0,0,0.0,0,0,0,0,0,0,Defender,1
55,Adam Masina,WAT,4.5,1,90,34,22,65,2,33,1,25,1,0,0.0,0,0,0,0,0,0,Defender,1
56,Joel Matip,LIV,5.0,1,90,74,69,93,9,90,0,0,0,0,0.0,0,0,0,0,0,0,Defender,1
57,Ben Mee,BUR,5.0,1,90,38,28,74,6,100,2,100,0,0,0.0,0,0,0,0,0,0,Defender,1
58,(Benjamin) Mendy,MCI,5.4,1,79,77,71,92,39,91,11,100,9,1,11.1,2,1,0,0,0,40,Defender,1
59,Yerry Mina,EVE,5.0,1,7,1,0,0,0,0,0,0,0,0,0.0,0,0,0,0,0,0,Defender,1
60,Tyrone Mings,AVL,5.0,1,90,85,79,93,9,90,0,0,1,0,0.0,0,0,0,0,0,0,Defender,1
61,Tyrick Mitchell,CRY,4.5,1,90,30,26,87,10,100,7,100,0,0,0.0,0,0,0,0,0,0,Defender,1
62,Victor Lindelof,MUN,5.0,1,90,60,47,78,5,71,0,0,0,0,0.0,1,1,1,0,1,90,Defender,1
63,Angelo Ogbonna,WHU,5.0,1,90,50,49,98,9,100,1,100,0,0,0.0,0,0,0,0,0,0,Defender,1
64,Emerson,CHE,4.5,1,4,2,1,50,1,50,0,0,0,0,0.0,0,0,0,0,0,0,Defender,1
65,Romain Perraud,SOU,5.0,1,83,21,12,57,10,77,4,67,3,0,0.0,1,0,0,0,0,83,Defender,1
66,Ethan Pinnock,BRE,4.6,1,90,35,23,66,7,70,3,100,0,0,0.0,1,0,1,0,1,90,Defender,1
67,Sergio Reguilón,TOT,5.1,1,90,13,11,85,9,90,3,100,3,1,33.3,2,0,0,0,0,45,Defender,1
68,Matt Ritchie,NEW,5.0,1,90,34,28,82,17,94,9,100,12,3,25.0,4,0,1,0,1,23,Defender,1
69,(Cristian) Romero,TOT,4.9,1,1,2,2,100,2,100,0,0,0,0,0.0,0,0,0,0,0,0,Defender,1
70,Antonio Rüdiger,CHE,5.5,1,90,89,80,90,39,89,1,100,0,0,0.0,0,0,0,0,0,0,Defender,1
71,Romain Saiss,WOL,5.0,1,90,64,55,86,14,93,2,67,0,0,0.0,1,0,0,0,0,90,Defender,1
72,Mohammed Salisu,SOU,4.5,1,90,47,36,77,13,81,2,100,0,0,0.0,0,0,0,0,0,0,Defender,1
73,Davinson DSanchez,TOT,4.5,1,90,31,21,68,3,60,0,0,0,0,0.0,0,0,0,0,0,0,Defender,1
74,Luke Shaw,MUN,5.5,1,90,33,27,82,10,71,5,71,3,1,33.3,2,0,0,0,0,45,Defender,1
75,Caglar Söyüncü,LEI,5.0,1,90,92,87,95,3,75,0,0,0,0,0.0,0,0,0,0,0,0,Defender,1
76,(Jack) Stephens,SOU,4.5,1,90,44,30,68,6,86,0,0,0,0,0.0,0,0,0,0,0,0,Defender,1
77,Pascal Struijk,LEE,4.5,1,90,55,44,80,0,0,0,0,0,0,0.0,0,0,0,0,0,0,Defender,1
78,Japhet Tanganga,TOT,4.5,1,83,20,18,90,8,89,6,86,1,1,100.0,0,0,0,0,0,0,Defender,1
79,Matt Targett,AVL,4.9,1,45,24,19,79,7,88,1,50,3,1,33.3,1,0,0,0,0,45,Defender,1
80,James Tarkowski,BUR,5.0,1,90,26,19,73,3,50,2,50,0,0,0.0,0,0,0,0,0,0,Defender,1
81,Tavares Nuno,ARS,4.4,1,9,8,6,75,4,100,2,100,0,0,0.0,0,0,0,0,0,0,Defender,1
82,(Charlie) Taylor,BUR,4.5,1,90,36,23,64,9,90,5,83,5,1,20.0,1,0,0,0,0,90,Defender,1
83,(Luke) Thomas,LEI,4.5,1,90,60,51,85,14,82,3,60,3,1,33.3,0,0,0,0,0,0,Defender,1
84,Kieran Tierney,ARS,4.9,1,90,52,46,88,36,97,24,100,11,5,45.5,6,0,0,0,0,15,Defender,1
85,William Troost-Ekong,WAT,4.5,1,90,43,36,84,0,0,0,0,0,0,0.0,0,0,0,0,0,0,Defender,1
86,Konstantinos Tsimikas,LIV,4.2,1,90,46,36,78,19,79,8,73,12,0,0.0,0,0,0,0,0,0,Defender,1
87,Dijk van,LIV,6.5,1,90,89,82,92,17,89,1,100,0,0,0.0,1,0,0,0,0,90,Defender,1
88,Jannik Vestergaard,LEI,4.9,1,28,15,15,100,1,100,0,0,0,0,0.0,0,0,0,0,0,0,Defender,1
89,Aaron Wan-Bissaka,MUN,5.5,1,90,38,29,76,16,80,6,67,1,0,0.0,0,0,0,0,0,0,Defender,1
90,(Joel) Ward,CRY,4.5,1,90,35,30,86,8,100,4,100,0,0,0.0,0,0,0,0,0,0,Defender,1
91,Adam Webster,BHA,4.5,1,90,73,50,68,14,64,10,77,0,0,0.0,0,0,0,0,0,0,Defender,1
92,(Ben) White,ARS,4.4,1,90,62,56,90,6,100,0,0,0,0,0.0,0,0,0,0,0,0,Defender,1
93,(Ashley) Young,AVL,5.0,1,90,51,45,88,16,84,8,89,2,0,0.0,2,0,0,0,0,45,Defender,1
94,Oleksandr Zinchenko,MCI,5.4,1,11,15,12,80,5,100,1,100,2,0,0.0,0,0,0,0,0,0,Defender,1
95,Bamidele Alli,TOT,6.5,1,90,22,17,77,12,75,7,88,0,0,0.0,0,0,0,0,0,0,Midfielder,1
96,Miguel Almirón,NEW,5.5,1,90,33,32,97,23,100,11,100,1,0,0.0,1,0,0,0,0,90,Midfielder,1
97,Steven Alzate,BHA,5.0,1,72,38,36,95,19,100,9,100,0,0,0.0,2,0,0,0,0,36,Midfielder,1
98,Leon Bailey,AVL,6.4,1,30,5,4,80,4,80,3,75,3,1,33.3,1,0,1,0,1,30,Midfielder,1
99,(Harvey) Barnes,LEI,6.9,1,72,15,10,67,8,62,5,56,1,0,0.0,0,0,0,0,0,0,Midfielder,1
100,Said Benrahma,WHU,6.4,1,88,31,25,81,19,79,16,84,5,0,0.0,1,1,1,0,1,88,Midfielder,1
101,Johann Gudmundsson,BUR,5.5,1,90,15,12,80,11,85,10,91,4,0,0.0,0,0,0,0,0,0,Midfielder,1
102,Steven Bergwijn,TOT,6.0,1,77,15,12,80,9,75,7,88,0,0,0.0,2,0,1,0,1,39,Midfielder,1
103,Mads Bidstrup,BRE,4.5,1,10,4,4,100,1,100,1,100,0,0,0.0,0,0,0,0,0,0,Midfielder,1
104,Yves Bissouma,BHA,4.6,1,90,41,37,90,20,91,9,90,0,0,0.0,0,0,0,0,0,0,Midfielder,1
105,Fernandes Bruno,MUN,12.1,1,90,28,21,75,15,83,4,80,3,0,0.0,3,0,0,0,0,30,Midfielder,1
106,Jarrod Bowen,WHU,6.4,1,89,17,14,82,12,86,7,88,6,2,33.3,1,0,0,0,0,89,Midfielder,1
107,Josh Brownhill,BUR,4.5,1,11,9,6,67,2,50,2,67,1,0,0.0,1,0,0,0,0,11,Midfielder,1
108,Emiliano Buendía,AVL,6.4,1,72,30,23,77,14,74,7,64,4,0,0.0,0,0,0,0,0,0,Midfielder,1
109,Sergi Canos,BRE,5.5,1,90,19,12,63,5,100,2,100,4,1,25.0,1,1,0,0,0,90,Midfielder,1
110,Todd Cantwell,NOR,5.5,1,86,29,24,83,12,75,10,77,0,0,0.0,2,0,0,0,0,43,Midfielder,1
111,Tom Cleverley,WAT,5.0,1,79,26,17,65,12,75,6,75,2,0,0.0,1,0,1,0,1,79,Midfielder,1
112,Jack Cork,BUR,4.5,1,85,14,9,64,5,56,4,57,1,0,0.0,0,0,0,0,0,0,Midfielder,1
113,Costa Hélder,LEE,5.4,1,20,5,5,100,3,100,1,100,0,0,0.0,0,0,0,0,0,0,Midfielder,1
114,Neves Ruben,WOL,5.5,1,90,43,35,81,20,95,3,100,3,2,66.7,2,0,0,0,0,45,Midfielder,1
115,Stuart Dallas,LEE,5.5,1,90,33,27,82,11,73,7,88,0,0,0.0,1,0,1,0,1,90,Midfielder,1
116,Bruyne De,MCI,11.9,1,11,12,8,67,7,88,6,100,3,0,0.0,1,0,0,0,0,11,Midfielder,1
117,(Leander) Dendoncker,WOL,4.9,1,24,10,9,90,5,100,1,100,0,0,0.0,0,0,0,0,0,0,Midfielder,1
118,Ibrahima Diallo,SOU,4.5,1,11,9,8,89,7,88,2,67,0,0,0.0,0,0,0,0,0,0,Midfielder,1
119,Raphael Raphinha,LEE,6.5,1,90,37,24,65,11,55,3,43,7,2,28.6,1,1,0,0,0,90,Midfielder,1
120,Moussa Djenepo,SOU,5.5,1,90,27,16,59,16,67,11,61,1,1,100.0,0,0,0,0,0,0,Midfielder,1
121,Abdoulaye Doucouré,EVE,5.5,1,90,40,32,80,17,74,7,58,0,0,0.0,0,0,0,0,0,0,Midfielder,1
122,Kieran Dowell,NOR,5.4,1,4,5,4,80,3,75,3,75,0,0,0.0,2,0,0,0,0,2,Midfielder,1
123,Ghazi El,AVL,6.0,1,60,10,8,80,8,80,6,86,2,0,0.0,0,0,0,0,0,0,Midfielder,1
124,Harvey Elliott,LIV,5.5,1,7,6,6,100,4,100,3,100,1,0,0.0,0,0,0,0,0,0,Midfielder,1
125,Peter Etebo,WAT,4.5,1,90,36,29,81,5,83,1,100,0,0,0.0,1,0,0,0,0,90,Midfielder,1
126,Pablo Fornals,WHU,6.0,1,90,61,54,89,40,91,23,96,2,0,0.0,4,1,1,0,1,23,Midfielder,1
127,Ryan Fraser,NEW,5.4,1,20,9,8,89,7,88,4,80,1,0,0.0,0,0,0,0,0,0,Midfielder,1
128,Jorge Jorginho,CHE,6.0,1,90,88,82,93,61,94,26,90,0,0,0.0,1,0,0,0,0,90,Midfielder,1
129,Morgan Gibbs-White,WOL,4.5,1,4,5,4,80,3,75,1,50,1,0,0.0,0,0,0,0,0,0,Midfielder,1
130,Billy Gilmour,NOR,4.5,1,90,76,68,89,14,93,0,0,2,0,0.0,0,0,0,0,0,0,Midfielder,1
131,(Anthony) Gordon,EVE,4.5,1,1,3,2,67,2,100,2,100,0,0,0.0,0,0,0,0,0,0,Midfielder,1
132,Dan Gosling,WAT,4.9,1,21,8,5,63,1,100,1,100,0,0,0.0,0,0,0,0,0,0,Midfielder,1
133,(Demarai) Gray,EVE,5.6,1,83,18,14,78,10,77,6,75,3,1,33.3,1,0,0,0,0,83,Midfielder,1
134,Jack Grealish,MCI,8.0,1,90,50,44,88,35,85,22,85,1,0,0.0,2,0,0,0,0,45,Midfielder,1
135,(Mason) Greenwood,MUN,7.6,1,90,25,22,88,14,88,9,82,2,0,0.0,1,1,0,0,0,90,Midfielder,1
136,Pascal Groß,BHA,6.0,1,90,54,47,87,18,95,11,92,9,3,33.3,2,1,1,0,1,45,Midfielder,1
137,Ilkay Gündogan,MCI,7.3,1,90,43,36,84,32,89,20,87,4,0,0.0,1,0,0,0,0,90,Midfielder,1
138,Jack Harrison,LEE,5.9,1,70,20,14,70,7,58,3,75,1,0,0.0,2,0,0,0,0,35,Midfielder,1
139,Kai Havertz,CHE,8.3,1,8,8,6,75,4,67,3,60,0,0,0.0,0,0,0,0,0,0,Midfielder,1
140,(Isaac) Hayden,NEW,4.5,1,90,39,35,90,14,82,6,100,4,0,0.0,0,0,0,0,0,0,Midfielder,1
141,Pierre-Emile Højbjerg,TOT,5.0,1,89,40,31,78,17,85,3,75,2,0,0.0,2,0,0,0,0,45,Midfielder,1
142,Alex Iwobi,EVE,6.0,1,20,7,6,86,4,80,4,100,0,0,0.0,1,0,1,0,1,20,Midfielder,1
143,(Daniel) James,MUN,6.0,1,75,17,13,76,9,69,6,67,2,0,0.0,1,0,0,0,0,75,Midfielder,1
144,Vitaly Janelt,BRE,5.0,1,90,30,19,63,9,60,4,50,0,0,0.0,0,0,0,0,0,0,Midfielder,1
145,Naby Keita,LIV,5.0,1,83,43,41,95,26,93,10,100,1,0,0.0,1,1,0,0,0,83,Midfielder,1
146,Mateusz Klich,LEE,5.5,1,90,43,33,77,16,73,5,50,1,0,0.0,0,0,0,0,0,0,Midfielder,1
147,Mateo Kovacic,CHE,5.0,1,90,78,76,97,55,96,22,92,0,0,0.0,2,0,1,0,1,45,Midfielder,1
148,Juraj Kucka,WAT,5.5,1,69,14,11,79,5,83,2,100,0,0,0.0,0,0,0,0,0,0,Midfielder,1
149,Adam Lallana,BHA,5.5,1,45,31,27,87,14,88,5,83,0,0,0.0,0,0,0,0,0,0,Midfielder,1
150,Pierre Lees-Melou,NOR,5.0,1,90,47,37,79,9,60,2,50,3,2,66.7,2,1,0,0,0,45,Midfielder,1
151,Celso Lo,TOT,5.9,1,13,8,4,50,4,50,4,80,0,0,0.0,0,0,0,0,0,0,Midfielder,1
152,(Sean) Longstaff,NEW,4.5,1,6,6,6,100,6,100,0,0,0,0,0.0,0,0,0,0,0,0,Midfielder,1
153,Fernando Fernandinho,MCI,5.0,1,90,64,50,78,30,79,7,78,1,0,0.0,2,0,0,0,0,45,Midfielder,1
154,Allister Mac,BHA,5.5,1,14,4,3,75,3,75,1,50,0,0,0.0,0,0,0,0,0,0,Midfielder,1
155,Francisco Trincão,WOL,5.9,1,86,21,17,81,14,78,7,88,1,0,0.0,2,0,0,0,0,43,Midfielder,1
156,James Maddison,LEI,6.9,1,62,24,17,71,10,63,2,29,0,0,0.0,1,0,0,0,0,62,Midfielder,1
157,Riyad Mahrez,MCI,8.9,1,79,29,27,93,21,91,14,93,5,2,40.0,1,0,0,0,0,79,Midfielder,1
158,Sadio Mane,LIV,11.9,1,90,31,17,55,16,62,10,56,1,1,100.0,3,0,0,0,0,30,Midfielder,1
159,Solomon March,BHA,5.5,1,90,35,30,86,16,84,12,86,3,3,100.0,3,0,0,0,0,30,Midfielder,1
160,Allan,EVE,4.5,1,90,31,24,77,14,88,5,100,1,0,0.0,0,0,0,0,0,0,Midfielder,1
161,Martinelli Gabriel,ARS,5.4,1,71,10,7,70,7,70,5,63,0,0,0.0,2,0,0,0,0,36,Midfielder,1
162,Nemanja Matic,MUN,4.5,1,20,16,14,88,4,100,2,100,0,0,0.0,0,0,0,0,0,0,Midfielder,1
163,Bryan Mbeumo,BRE,5.5,1,86,22,15,68,12,67,8,57,1,0,0.0,1,0,0,0,0,86,Midfielder,1
164,James McArthur,CRY,4.5,1,90,43,37,86,12,80,6,75,1,1,100.0,2,0,0,0,0,45,Midfielder,1
165,John McGinn,AVL,6.0,1,90,36,30,83,15,79,5,83,3,0,0.0,0,0,0,0,0,0,Midfielder,1
166,Dwight McNeil,BUR,5.9,1,79,14,12,86,9,100,5,100,10,2,20.0,2,0,0,0,0,40,Midfielder,1
167,Scott McTominay,MUN,5.4,1,70,32,27,84,13,76,2,67,0,0,0.0,1,0,0,0,0,70,Midfielder,1
168,James Milner,LIV,5.0,1,90,70,62,89,23,79,11,85,1,1,100.0,1,0,0,0,0,90,Midfielder,1
169,Jakub Moder,BHA,4.5,1,18,6,5,83,3,100,3,100,0,0,0.0,1,1,1,0,1,18,Midfielder,1
170,Mason Mount,CHE,7.5,1,90,46,44,96,39,95,26,93,12,2,16.7,0,0,0,1,1,0,Midfielder,1
171,João Moutinho,WOL,5.0,1,66,38,33,87,21,84,1,50,0,0,0.0,1,1,0,0,0,66,Midfielder,1
172,Murphy Jacob,NEW,5.0,1,90,33,21,64,14,82,7,78,3,2,66.7,1,0,0,0,0,90,Midfielder,1
173,Enock Mwepu,BHA,5.9,1,45,18,16,89,5,83,4,80,1,0,0.0,1,0,0,0,0,45,Midfielder,1
174,Marvelous Nakamba,AVL,4.5,1,90,52,45,87,22,79,4,50,0,0,0.0,0,0,0,0,0,0,Midfielder,1
175,Onyinye Ndidi,LEI,5.0,1,90,71,67,94,23,88,8,100,0,0,0.0,0,0,0,0,0,0,Midfielder,1
176,(Reiss) Nelson,ARS,5.0,1,19,12,8,67,7,70,6,67,0,0,0.0,1,0,0,0,0,19,Midfielder,1
177,Christian Norgaard,BRE,5.0,1,90,33,25,76,14,78,4,100,0,0,0.0,0,0,0,0,0,0,Midfielder,1
178,Frank Onyeka,BRE,5.0,1,80,16,13,81,8,100,5,100,1,1,100.0,1,0,0,0,0,80,Midfielder,1
179,Alex Oxlade-Chamberlain,LIV,5.9,1,61,21,17,81,10,71,3,50,0,0,0.0,0,0,0,0,0,0,Midfielder,1
180,Nicolas Pepe,ARS,7.3,1,90,40,33,83,27,82,22,88,3,1,33.3,3,0,0,0,0,30,Midfielder,1
181,Pérez Ayoze,LEI,5.9,1,62,23,20,87,12,80,7,78,0,0,0.0,3,0,0,0,0,21,Midfielder,1
182,Paul Pogba,MUN,7.7,1,75,33,25,76,16,70,10,71,0,0,0.0,5,1,4,0,4,15,Midfielder,1
183,Christian Pulisic,CHE,7.9,1,82,24,22,92,17,89,12,86,2,0,0.0,0,0,0,0,0,0,Midfielder,1
184,Jesurun Rak-Sakyi,CRY,4.5,1,14,11,9,82,6,86,3,75,1,1,100.0,0,0,0,0,0,0,Midfielder,1
185,Ramsey Jacob,AVL,4.5,1,45,25,21,84,13,81,6,75,0,0,0.0,1,0,0,0,0,45,Midfielder,1
186,Milot Rashica,NOR,5.4,1,77,17,17,100,8,100,3,100,7,2,28.6,2,0,0,0,0,39,Midfielder,1
187,Nathan Redmond,SOU,5.9,1,7,8,7,88,7,100,5,100,1,0,0.0,0,0,0,0,0,0,Midfielder,1
188,Declan Rice,WHU,5.0,1,90,51,50,98,32,100,16,100,0,0,0.0,2,0,0,0,0,45,Midfielder,1
189,Jairo Riedewald,CRY,4.9,1,76,28,25,89,3,75,1,100,2,1,50.0,0,0,0,0,0,0,Midfielder,1
190,(Tyler) Roberts,LEE,5.0,1,13,2,2,100,2,100,1,100,1,1,100.0,1,1,0,0,0,13,Midfielder,1
191,Frederico Fred,MUN,5.0,1,90,38,29,76,12,60,1,20,0,0,0.0,0,0,0,0,0,0,Midfielder,1
192,Moura Lucas,TOT,6.5,1,90,36,29,81,20,80,12,86,0,0,0.0,3,0,0,0,0,30,Midfielder,1
193,Oriol Romeu,SOU,4.5,1,79,43,30,70,15,63,6,67,2,0,0.0,0,0,0,0,0,0,Midfielder,1
194,Lukas Rupp,NOR,4.5,1,90,44,36,82,14,88,6,86,1,0,0.0,0,0,0,0,0,0,Midfielder,1
195,Bukayo Saka,ARS,6.3,1,31,20,16,80,12,75,8,73,2,0,0.0,1,0,0,0,0,31,Midfielder,1
196,Mohamed Salah,LIV,12.5,1,90,24,17,71,15,71,13,76,0,0,0.0,3,3,2,0,2,30,Midfielder,1
197,Lokonga Sambi,ARS,5.0,1,90,72,63,88,44,96,22,92,1,1,100.0,2,0,0,0,0,45,Midfielder,1
198,Jadon Sancho,MUN,9.3,1,15,13,9,69,6,75,2,50,0,0,0.0,0,0,0,0,0,0,Midfielder,1
199,Sarr Ismaila,WAT,6.0,1,90,21,16,76,11,79,7,70,4,1,25.0,4,0,0,0,0,23,Midfielder,1
200,Jeffrey Schlupp,CRY,5.5,1,57,13,9,69,3,60,1,33,0,0,0.0,0,0,0,0,0,0,Midfielder,1
201,Ken Sema,WAT,5.4,1,90,19,11,58,6,67,4,100,1,1,100.0,2,1,0,0,0,45,Midfielder,1
202,Jonjo Shelvey,NEW,5.4,1,70,35,31,89,13,93,2,100,2,0,0.0,1,0,0,0,0,70,Midfielder,1
203,Oliver Skipp,TOT,4.5,1,90,27,24,89,10,91,0,0,0,0,0.0,0,0,0,0,0,0,Midfielder,1
204,Emile Smith-Rowe,ARS,5.4,1,90,49,48,98,37,100,25,100,2,1,50.0,2,0,0,0,0,45,Midfielder,1
205,Heung-Min Son,TOT,10.1,1,90,28,25,89,20,87,12,92,6,1,16.7,1,0,0,0,0,90,Midfielder,1
206,Tomas Soucek,WHU,6.0,1,90,38,33,87,24,86,5,83,1,0,0.0,0,0,0,0,0,0,Midfielder,1
207,Boubakary Soumaré,LEI,4.9,1,28,16,14,88,7,88,2,67,0,0,0.0,0,0,0,0,0,0,Midfielder,1
208,(Raheem) Sterling,MCI,10.9,1,70,30,25,83,22,85,16,94,1,0,0.0,0,0,0,0,0,0,Midfielder,1
209,Fabio Fabinho,LIV,5.4,1,29,22,19,86,5,71,1,33,0,0,0.0,0,0,0,0,0,0,Midfielder,1
210,Jota Diogo,LIV,7.6,1,61,12,8,67,5,63,3,60,0,0,0.0,0,0,0,0,0,0,Midfielder,1
211,Nathan Tella,SOU,4.9,1,10,5,2,40,1,33,1,33,0,0,0.0,0,0,0,0,0,0,Midfielder,1
212,Youri Tielemans,LEI,6.5,1,90,79,70,89,33,85,12,71,1,0,0.0,1,0,0,0,0,90,Midfielder,1
213,Ferran Torres,MCI,7.1,1,90,19,13,68,9,69,7,78,1,0,0.0,0,0,0,0,0,0,Midfielder,1
214,Andros Townsend,EVE,5.5,1,70,14,9,64,8,80,5,83,7,2,28.6,3,1,1,0,1,23,Midfielder,1
215,Adama Traoré,WOL,6.0,1,90,27,20,74,17,81,12,92,2,0,0.0,1,0,0,0,0,90,Midfielder,1
216,(Bertrand) Traore,AVL,5.9,1,18,8,8,100,7,100,6,100,1,0,0.0,0,0,0,1,1,0,Midfielder,1
217,Leandro Trossard,BHA,6.4,1,76,25,17,68,13,65,5,50,1,0,0.0,0,0,0,0,0,0,Midfielder,1
218,Theo Walcott,SOU,5.9,1,80,19,12,63,9,75,6,86,1,0,0.0,0,0,0,0,0,0,Midfielder,1
219,James Ward-Prowse,SOU,6.5,1,90,56,48,86,18,78,6,75,11,2,18.2,2,0,0,0,0,45,Midfielder,1
220,Ashley Westwood,BUR,5.4,1,90,30,21,70,9,64,4,80,9,2,22.2,2,1,1,0,1,45,Midfielder,1
221,Granit Xhaka,ARS,5.0,1,90,88,78,89,52,90,20,83,1,1,100.0,1,0,0,0,0,90,Midfielder,1
222,Andriy Yarmolenko,WHU,5.4,1,1,6,4,67,4,67,4,80,0,0,0.0,0,0,0,0,0,0,Midfielder,1
223,Wilfried Zaha,CRY,6.9,1,90,21,16,76,9,75,6,67,0,0,0.0,0,0,0,0,0,0,Midfielder,1
224,Che Adams,SOU,7.0,1,90,19,8,42,7,47,4,67,0,0,0.0,1,1,1,0,1,90,Forward,1
225,Michail Antonio,WHU,7.9,1,89,24,16,67,14,64,9,69,2,1,50.0,1,1,1,1,2,89,Forward,1
226,Joelinton,NEW,5.9,1,5,4,4,100,4,100,3,100,0,0,0.0,0,0,0,0,0,0,Forward,1
227,(Adam) Armstrong,SOU,6.0,1,90,7,4,57,4,67,4,67,0,0,0.0,0,0,0,0,0,0,Forward,1
228,Ayew Jordan,CRY,6.0,1,90,29,24,83,11,79,6,86,1,0,0.0,1,0,0,0,0,90,Forward,1
229,Folarin Balogun,ARS,5.0,1,59,5,3,60,3,60,1,50,0,0,0.0,0,0,0,0,0,0,Forward,1
230,Patrick Bamford,LEE,7.9,1,77,14,12,86,4,67,3,60,0,0,0.0,1,0,0,0,0,77,Forward,1
231,Roberto Firmino,LIV,8.9,1,29,12,8,67,6,60,4,57,1,0,0.0,1,0,0,0,0,29,Forward,1
232,(Ashley) Barnes,BUR,5.5,1,20,3,1,33,1,33,0,0,0,0,0.0,1,0,0,0,0,20,Forward,1
233,Christian Benteke,CRY,6.4,1,33,3,2,67,2,100,1,100,0,0,0.0,0,0,0,0,0,0,Forward,1
234,Dominic Calvert-Lewin,EVE,8.2,1,90,16,10,63,6,60,5,83,1,0,0.0,0,0,0,0,0,0,Forward,1
235,Richarlison,EVE,7.6,1,89,16,11,69,8,73,4,57,2,1,50.0,2,2,1,0,1,45,Forward,1
236,Gabriel Jesus,MCI,8.5,1,20,5,5,100,3,100,2,100,0,0,0.0,1,0,0,0,0,20,Forward,1
237,Troy Deeney,WAT,5.4,1,11,2,1,50,1,50,1,50,0,0,0.0,0,0,0,0,0,0,Forward,1
238,Emmanuel Dennis,WAT,5.2,1,66,15,12,80,9,90,4,100,0,0,0.0,3,0,1,0,1,22,Forward,1
239,Marcus Forss,BRE,5.5,1,4,2,2,100,1,100,1,100,1,0,0.0,0,0,0,0,0,0,Forward,1
240,Juan Cucho,WAT,5.0,1,24,5,4,80,1,100,1,100,0,0,0.0,0,0,0,0,0,0,Forward,1
241,Adam Idah,NOR,5.0,1,13,4,3,75,2,67,2,100,0,0,0.0,0,0,0,0,0,0,Forward,1
242,Kelechi Iheanacho,LEI,7.2,1,18,10,6,60,4,57,2,40,0,0,0.0,0,0,0,0,0,0,Forward,1
243,Danny Ings,AVL,8.1,1,90,13,7,54,5,50,3,60,0,0,0.0,0,0,0,0,0,0,Forward,1
244,Jiménez Raúl,WOL,7.4,1,90,23,17,74,11,69,6,67,1,0,0.0,3,0,0,0,0,30,Forward,1
245,Anthony Martial,MUN,7.8,1,15,7,5,71,2,67,0,0,0,0,0.0,0,0,0,0,0,0,Forward,1
246,Jean-Philippe Mateta,CRY,5.5,1,57,9,7,78,1,100,1,100,0,0,0.0,0,0,0,0,0,0,Forward,1
247,Neal Maupay,BHA,6.5,1,90,18,14,78,10,71,4,57,0,0,0.0,0,0,0,0,0,0,Forward,1
248,Rodrigo,LEE,6.4,1,45,18,15,83,6,75,5,83,0,0,0.0,0,0,0,0,0,0,Forward,1
249,Teemu Pukki,NOR,5.9,1,77,13,11,85,2,67,2,100,0,0,0.0,0,0,0,0,0,0,Forward,1
250,Jay Rodriguez,BUR,5.5,1,70,13,9,69,8,73,5,83,0,0,0.0,0,0,0,0,0,0,Forward,1
251,Allan Saint-Maximin,NEW,6.5,1,90,36,32,89,22,88,9,82,4,1,25.0,4,1,1,0,1,23,Forward,1
252,Joshua Sargent,NOR,5.5,1,13,5,4,80,2,100,1,100,0,0,0.0,0,0,0,0,0,0,Forward,1
253,Silva Fabio,WOL,5.9,1,1,0,0,0,0,0,0,0,0,0,0.0,0,0,0,0,0,0,Forward,1
254,Ivan Toney,BRE,6.4,1,90,23,11,48,9,47,6,67,1,0,0.0,1,0,0,0,0,90,Forward,1
255,Jamie Vardy,LEI,10.5,1,90,12,9,75,8,80,6,75,1,0,0.0,2,0,0,0,0,45,Forward,1
256,Matej Vydra,BUR,5.4,1,5,1,1,100,1,100,1,100,1,0,0.0,0,0,0,0,0,0,Forward,1
257,Timo Werner,CHE,8.7,1,90,21,13,62,12,63,10,63,0,0,0.0,1,0,0,0,0,90,Forward,1
258,Wilson C,NEW,7.5,1,85,12,9,75,7,78,3,75,0,0,0.0,0,0,0,0,0,0,Forward,1
259,Chris Wood,BUR,6.9,1,90,19,11,58,8,62,2,29,0,0,0.0,1,0,0,0,0,90,Forward,1
0,Maximillian Aarons,NOR,4.5,1,90,26,19,73,5,71,1,33,1,0,0.0,0,0,0,0,0,0,Defender,2
1,Nouri Ait,WOL,4.4,1,6,3,2,67,1,50,0,0,0,0,0.0,0,0,0,0,0,0,Defender,2
2,Kristoffer Ajer,BRE,4.5,1,90,30,21,70,5,63,1,50,0,0,0.0,0,0,0,0,0,0,Defender,2
3,Trent Alexander-Arnold,LIV,7.5,1,90,66,54,82,29,88,15,83,12,5,41.7,7,2,1,0,1,13,Defender,2
4,Marcos Alonso,CHE,5.7,1,90,46,36,78,18,86,13,93,4,1,25.0,5,0,0,0,0,18,Defender,2
5,Cedric,ARS,4.4,1,90,36,32,89,17,85,8,89,2,2,100.0,1,0,0,0,0,90,Defender,2
6,Daniel Amartey,LEI,4.1,1,90,87,80,92,4,57,0,0,0,0,0.0,0,0,0,0,0,0,Defender,2
7,Joachim Andersen,CRY,4.5,1,90,63,51,81,8,89,2,100,0,0,0.0,0,0,0,0,0,0,Defender,2
8,Luke Ayling,LEE,4.5,1,90,104,94,90,26,81,8,80,0,0,0.0,1,0,0,0,0,90,Defender,2
9,César Azpilicueta,CHE,6.0,1,90,86,80,93,27,93,11,92,1,0,0.0,0,0,0,0,0,0,Defender,2
10,Pereira Ricardo,LEI,5.5,1,90,37,29,78,13,81,7,88,0,0,0.0,0,0,0,0,0,0,Defender,2
11,Jan Bednarek,SOU,4.4,1,45,15,12,80,5,83,0,0,0,0,0.0,0,0,0,0,0,0,Defender,2
12,Matthew Cash,AVL,5.0,1,90,32,21,66,12,92,5,100,0,0,0.0,0,0,0,0,0,0,Defender,2
13,Craig Cathcart,WAT,4.5,1,65,28,23,82,10,77,5,100,2,0,0.0,0,0,0,0,0,0,Defender,2
14,Cancelo João,MCI,6.0,1,90,72,64,89,49,86,30,88,3,0,0.0,0,0,0,0,0,0,Defender,2
15,Andreas Christensen,CHE,5.0,1,90,87,82,94,15,94,3,100,0,0,0.0,0,0,0,0,0,0,Defender,2
16,Conor Coady,WOL,4.5,1,90,47,39,83,4,80,1,50,0,0,0.0,0,0,0,0,0,0,Defender,2
17,Seamus Coleman,EVE,5.0,1,90,16,11,69,4,67,1,100,0,0,0.0,1,0,0,0,0,90,Defender,2
18,Liam Cooper,LEE,4.5,1,90,79,73,92,11,92,1,100,0,0,0.0,1,0,1,0,1,90,Defender,2
19,Vladimir Coufal,WHU,5.0,1,90,57,51,89,27,96,13,93,7,1,14.3,1,1,1,0,1,90,Defender,2
20,(Aaron) Cresswell,WHU,5.5,1,90,64,57,89,26,90,12,86,6,0,0.0,0,0,0,0,0,0,Defender,2
21,Craig Dawson,WHU,5.0,1,90,48,41,85,7,100,1,100,0,0,0.0,1,0,0,0,0,90,Defender,2
22,Eric Dier,TOT,4.6,1,90,41,33,80,0,0,0,0,0,0,0.0,0,0,0,0,0,0,Defender,2
23,Lucas Digne,EVE,5.4,1,90,25,14,56,5,63,4,80,9,4,44.4,3,0,0,0,0,30,Defender,2
24,Shane Duffy,BHA,4.1,1,90,79,74,94,2,100,0,0,0,0,0.0,0,0,0,0,0,0,Defender,2
25,Lewis Dunk,BHA,5.0,1,90,62,60,97,2,100,1,100,0,0,0.0,0,0,0,0,0,0,Defender,2
26,Federico Fernández,NEW,4.5,1,78,41,37,90,1,50,0,0,0,0,0.0,1,1,0,0,0,78,Defender,2
27,Junior Firpo,LEE,4.9,1,60,40,31,78,16,84,7,78,2,0,0.0,0,0,0,0,0,0,Defender,2
28,Dias Rúben,MCI,6.0,1,90,114,109,96,54,93,7,100,0,0,0.0,2,1,1,0,1,45,Defender,2
29,Dimitrios Giannoulis,NOR,4.5,1,45,19,17,89,3,100,1,100,1,0,0.0,0,0,0,0,0,0,Defender,2
30,(Ben) Gibson,NOR,4.5,1,90,42,40,95,2,100,0,0,0,0,0.0,0,0,0,0,0,0,Defender,2
31,Joseph Gomez,LIV,4.9,1,1,0,0,0,0,0,0,0,0,0,0.0,0,0,0,0,0,0,Defender,2
32,Guehi Marc,CRY,4.5,1,90,52,46,88,2,100,0,0,1,0,0.0,0,0,0,0,0,0,Defender,2
33,Grant Hanley,NOR,4.5,1,90,43,42,98,1,100,0,0,0,0,0.0,0,0,0,0,0,0,Defender,2
34,Rico Henry,BRE,4.5,1,90,32,22,69,12,71,7,70,1,1,100.0,2,0,0,0,0,45,Defender,2
35,Rob Holding,ARS,4.3,1,90,36,25,69,3,75,0,0,0,0,0.0,0,0,0,0,0,0,Defender,2
36,(Reece) James,CHE,5.6,1,90,57,53,93,30,91,24,100,9,2,22.2,4,1,1,0,1,23,Defender,2
37,Pontus Jansson,BRE,4.5,1,90,40,32,80,1,50,1,100,0,0,0.0,1,0,0,0,0,90,Defender,2
38,Christian Kabasele,WAT,4.5,1,90,60,58,97,2,100,0,0,0,0,0.0,0,0,0,0,0,0,Defender,2
39,Michael Keane,EVE,5.0,1,90,18,8,44,1,100,0,0,0,0,0.0,0,0,0,0,0,0,Defender,2
40,Max Kilman,WOL,4.5,1,90,51,46,90,15,100,4,100,1,0,0.0,1,0,0,0,0,90,Defender,2
41,Ngoyo Konsa,AVL,5.0,1,90,26,22,85,4,80,1,50,0,0,0.0,1,0,0,0,0,90,Defender,2
42,Cheikhou Kouyaté,CRY,4.5,1,90,43,33,77,7,88,1,100,0,0,0.0,0,0,0,0,0,0,Defender,2
43,Aymeric Laporte,MCI,5.5,1,90,113,111,98,53,100,11,100,0,0,0.0,0,0,0,0,0,0,Defender,2
44,Jamaal Lascelles,NEW,4.5,1,90,39,33,85,3,50,0,0,0,0,0.0,0,0,0,0,0,0,Defender,2
45,Valentino Livramento,SOU,4.1,1,90,22,19,86,12,92,2,67,2,1,50.0,0,0,0,0,0,0,Defender,2
46,Matthew Lowton,BUR,4.5,1,90,33,24,73,15,75,9,90,2,0,0.0,1,1,0,0,0,90,Defender,2
47,Harry Maguire,MUN,5.5,1,90,68,55,81,10,100,2,100,0,0,0.0,0,0,0,0,0,0,Defender,2
48,Fernando Marçal,WOL,4.5,1,90,51,42,82,25,83,13,93,10,2,20.0,1,0,0,0,0,90,Defender,2
49,Pablo Marí,ARS,4.5,1,90,32,29,91,8,100,2,100,0,0,0.0,1,1,0,0,0,90,Defender,2
50,Adam Masina,WAT,4.5,1,90,51,39,76,14,88,3,75,0,0,0.0,1,0,0,0,0,90,Defender,2
51,Joel Matip,LIV,5.0,1,90,60,48,80,7,78,1,100,0,0,0.0,0,0,0,0,0,0,Defender,2
52,Ben Mee,BUR,5.0,1,90,24,18,75,3,75,0,0,0,0,0.0,0,0,0,0,0,0,Defender,2
53,Yerry Mina,EVE,5.0,1,90,26,19,73,1,33,0,0,0,0,0.0,0,0,0,0,0,0,Defender,2
54,Tyrone Mings,AVL,5.0,1,90,41,33,80,6,75,1,50,0,0,0.0,1,0,1,1,2,90,Defender,2
55,Tyrick Mitchell,CRY,4.5,1,90,51,35,69,10,91,5,100,1,0,0.0,0,0,0,0,0,0,Defender,2
56,Bali Mumba,NOR,4.0,1,45,9,7,78,2,67,1,50,0,0,0.0,0,0,0,0,0,0,Defender,2
57,Victor Lindelof,MUN,5.0,1,90,71,57,80,8,89,1,100,0,0,0.0,0,0,0,0,0,0,Defender,2
58,Angelo Ogbonna,WHU,5.0,1,90,51,46,90,2,50,0,0,0,0,0.0,0,0,0,0,0,0,Defender,2
59,Romain Perraud,SOU,5.0,1,79,13,8,62,6,75,2,67,3,0,0.0,0,0,0,0,0,0,Defender,2
60,Erik Pieters,BUR,4.4,1,11,7,5,71,5,100,3,100,0,0,0.0,0,0,0,0,0,0,Defender,2
61,Ethan Pinnock,BRE,4.6,1,90,49,39,80,5,83,1,100,0,0,0.0,0,0,0,0,0,0,Defender,2
62,Sergio Reguilón,TOT,5.1,1,90,36,24,67,10,77,3,75,0,0,0.0,0,0,0,0,0,0,Defender,2
63,Matt Ritchie,NEW,5.0,1,90,40,35,88,17,85,8,100,9,5,55.6,5,0,0,0,0,18,Defender,2
64,Antonio Rüdiger,CHE,5.5,1,90,70,60,86,14,88,3,75,1,0,0.0,0,0,0,0,0,0,Defender,2
65,Romain Saiss,WOL,5.0,1,84,55,46,84,12,80,3,100,1,0,0.0,1,0,0,0,0,84,Defender,2
66,Mohammed Salisu,SOU,4.5,1,90,34,27,79,4,67,0,0,0,0,0.0,0,0,0,0,0,0,Defender,2
67,Davinson DSanchez,TOT,4.5,1,90,33,30,91,1,100,0,0,0,0,0.0,0,0,0,0,0,0,Defender,2
68,Fabian Schär,NEW,4.4,1,90,53,38,72,8,89,1,100,1,1,100.0,0,0,0,0,0,0,Defender,2
69,Nelson Semedo,WOL,4.9,1,90,46,39,85,26,81,18,75,8,0,0.0,2,0,0,0,0,45,Defender,2
70,Luke Shaw,MUN,5.5,1,90,45,37,82,20,80,12,80,5,2,40.0,2,1,0,0,0,45,Defender,2
71,Caglar Söyüncü,LEI,5.0,1,90,106,91,86,3,75,0,0,0,0,0.0,0,0,0,0,0,0,Defender,2
72,(Jack) Stephens,SOU,4.5,1,90,32,21,66,8,89,5,100,0,0,0.0,0,0,0,0,0,0,Defender,2
73,Pascal Struijk,LEE,4.5,1,90,74,69,93,5,100,0,0,0,0,0.0,1,0,0,0,0,90,Defender,2
74,Japhet Tanganga,TOT,4.5,1,90,27,19,70,8,67,1,33,1,0,0.0,0,0,0,0,0,0,Defender,2
75,James Tarkowski,BUR,5.0,1,90,24,18,75,4,100,0,0,0,0,0.0,0,0,0,0,0,0,Defender,2
76,Tavares Nuno,ARS,4.4,1,24,6,5,83,3,75,3,75,2,0,0.0,0,0,0,0,0,0,Defender,2
77,(Charlie) Taylor,BUR,4.5,1,90,26,14,54,9,64,6,86,3,0,0.0,0,0,0,0,0,0,Defender,2
78,(Luke) Thomas,LEI,4.5,1,90,47,40,85,8,73,2,67,0,0,0.0,0,0,0,0,0,0,Defender,2
79,Kieran Tierney,ARS,4.9,1,66,22,16,73,11,73,7,78,4,0,0.0,0,0,0,0,0,0,Defender,2
80,William Troost-Ekong,WAT,4.5,1,90,73,66,90,12,100,0,0,0,0,0.0,0,0,0,0,0,0,Defender,2
81,Konstantinos Tsimikas,LIV,4.2,1,89,39,29,74,18,90,7,100,9,4,44.4,4,1,1,0,1,22,Defender,2
82,Axel Tuanzebe,AVL,4.5,1,2,1,1,100,0,0,0,0,0,0,0.0,0,0,0,0,0,0,Defender,2
83,Dijk van,LIV,6.5,1,90,52,42,81,2,100,1,100,0,0,0.0,1,0,0,0,0,90,Defender,2
84,(Kyle) Walker,MCI,5.5,1,90,87,84,97,56,98,22,96,3,0,0.0,0,0,0,0,0,0,Defender,2
85,Kyle Walker-Peters,SOU,4.9,1,11,7,7,100,5,100,1,100,0,0,0.0,0,0,0,0,0,0,Defender,2
86,Aaron Wan-Bissaka,MUN,5.5,1,90,48,40,83,26,90,13,100,3,2,66.7,2,0,0,0,0,45,Defender,2
87,(Joel) Ward,CRY,4.5,1,90,53,41,77,21,81,6,75,2,1,50.0,1,0,0,0,0,90,Defender,2
88,Adam Webster,BHA,4.5,1,90,110,104,95,32,97,14,93,3,1,33.3,0,0,0,0,0,0,Defender,2
89,(Ashley) Young,AVL,5.0,1,90,40,31,78,19,83,7,78,4,0,0.0,0,0,0,0,0,0,Defender,2
90,Alcántara Thiago,LIV,5.4,1,9,15,12,80,6,100,3,100,0,0,0.0,0,0,0,0,0,0,Midfielder,2
91,Bamidele Alli,TOT,6.5,1,90,32,26,81,12,86,3,75,0,0,0.0,0,0,0,0,0,0,Midfielder,2
92,Miguel Almirón,NEW,5.5,1,90,24,17,71,12,80,5,71,2,1,50.0,1,0,0,0,0,90,Midfielder,2
93,(Harvey) Barnes,LEI,6.9,1,64,22,17,77,16,80,8,80,1,0,0.0,1,0,0,0,0,64,Midfielder,2
94,Said Benrahma,WHU,6.4,1,88,34,31,91,26,96,20,95,6,1,16.7,2,0,1,0,1,44,Midfielder,2
95,Johann Gudmundsson,BUR,5.5,1,79,21,14,67,12,67,9,64,4,2,50.0,1,0,0,0,0,79,Midfielder,2
96,Steven Bergwijn,TOT,6.0,1,89,24,20,83,16,89,11,92,1,0,0.0,2,1,0,0,0,45,Midfielder,2
97,Mads Bidstrup,BRE,4.5,1,3,4,3,75,1,100,0,0,0,0,0.0,0,0,0,0,0,0,Midfielder,2
98,Yves Bissouma,BHA,4.6,1,90,54,46,85,10,67,5,63,0,0,0.0,1,1,1,0,1,90,Midfielder,2
99,Fernandes Bruno,MUN,12.1,1,90,46,36,78,26,81,18,78,5,1,20.0,2,1,0,0,0,45,Midfielder,2
100,Jarrod Bowen,WHU,6.4,1,90,27,20,74,13,76,11,79,9,6,66.7,5,0,0,0,0,18,Midfielder,2
101,Josh Brownhill,BUR,4.5,1,90,22,15,68,9,69,7,70,4,1,25.0,1,0,0,0,0,90,Midfielder,2
102,Emiliano Buendía,AVL,6.4,1,86,27,21,78,12,71,7,58,5,1,20.0,3,0,0,0,0,29,Midfielder,2
103,Sergi Canos,BRE,5.5,1,90,29,19,66,13,72,10,91,5,0,0.0,2,0,0,0,0,45,Midfielder,2
104,Todd Cantwell,NOR,5.5,1,90,24,22,92,7,100,1,100,0,0,0.0,0,0,0,0,0,0,Midfielder,2
105,Tom Cleverley,WAT,5.0,1,90,48,42,88,21,84,10,77,1,0,0.0,0,0,0,0,0,0,Midfielder,2
106,Jack Cork,BUR,4.5,1,90,16,11,69,6,67,1,100,1,0,0.0,0,0,0,0,0,0,Midfielder,2
107,Neves Ruben,WOL,5.5,1,90,70,57,81,39,85,19,79,5,2,40.0,5,1,0,0,0,18,Midfielder,2
108,Stuart Dallas,LEE,5.5,1,90,54,47,87,23,92,11,85,6,1,16.7,2,0,0,0,0,45,Midfielder,2
109,Fabian Delph,EVE,4.5,1,7,7,7,100,0,0,0,0,0,0,0.0,0,0,0,0,0,0,Midfielder,2
110,(Leander) Dendoncker,WOL,4.9,1,18,10,9,90,3,100,2,100,0,0,0.0,0,0,0,0,0,0,Midfielder,2
111,Ibrahima Diallo,SOU,4.5,1,20,13,11,85,9,82,5,83,0,0,0.0,0,0,0,0,0,0,Midfielder,2
112,Raphael Raphinha,LEE,6.5,1,90,39,27,69,21,75,9,90,8,2,25.0,1,0,0,0,0,90,Midfielder,2
113,Moussa Djenepo,SOU,5.5,1,70,17,11,65,7,70,4,80,0,0,0.0,1,0,0,0,0,70,Midfielder,2
114,Abdoulaye Doucouré,EVE,5.5,1,90,42,33,79,14,78,4,67,0,0,0.0,1,0,1,0,1,90,Midfielder,2
115,Ghazi El,AVL,6.0,1,90,13,11,85,10,83,8,80,2,1,50.0,0,0,0,0,0,0,Midfielder,2
116,Harvey Elliott,LIV,5.5,1,90,54,45,83,30,91,16,89,3,1,33.3,3,0,0,0,0,30,Midfielder,2
117,Peter Etebo,WAT,4.5,1,90,37,33,89,11,92,2,100,0,0,0.0,0,0,0,0,0,0,Midfielder,2
118,Pablo Fornals,WHU,6.0,1,90,53,39,74,26,72,16,84,2,2,100.0,3,1,0,0,0,30,Midfielder,2
119,Ryan Fraser,NEW,5.4,1,1,1,1,100,1,100,1,100,2,0,0.0,0,0,0,0,0,0,Midfielder,2
120,Jorge Jorginho,CHE,6.0,1,90,69,60,87,28,80,11,92,0,0,0.0,1,0,0,0,0,90,Midfielder,2
121,Conor Gallagher,CRY,5.5,1,90,25,20,80,12,75,4,80,4,1,25.0,1,0,0,0,0,90,Midfielder,2
122,Billy Gilmour,NOR,4.5,1,90,56,51,91,5,83,0,0,2,1,50.0,0,0,0,0,0,0,Midfielder,2
123,(Demarai) Gray,EVE,5.6,1,83,12,11,92,8,100,5,100,4,1,25.0,1,0,0,0,0,83,Midfielder,2
124,Jack Grealish,MCI,8.0,1,75,43,41,95,39,95,32,94,4,0,0.0,1,0,0,0,0,75,Midfielder,2
125,(Mason) Greenwood,MUN,7.6,1,90,25,19,76,16,80,14,82,4,0,0.0,1,0,0,0,0,90,Midfielder,2
126,Pascal Groß,BHA,6.0,1,90,44,40,91,29,94,19,95,12,3,25.0,4,0,1,0,1,23,Midfielder,2
127,Ilkay Gündogan,MCI,7.3,1,69,45,42,93,35,92,23,92,7,2,28.6,2,0,0,0,0,35,Midfielder,2
128,Jack Harrison,LEE,5.9,1,90,44,31,70,21,72,15,71,4,0,0.0,1,0,0,0,0,90,Midfielder,2
129,Kai Havertz,CHE,8.3,1,89,44,39,89,22,92,14,93,0,0,0.0,0,0,0,0,0,0,Midfielder,2
130,(Isaac) Hayden,NEW,4.5,1,45,12,9,75,4,80,1,100,0,0,0.0,0,0,0,0,0,0,Midfielder,2
131,(Jordan) Henderson,LIV,5.0,1,90,73,66,90,29,91,10,91,2,0,0.0,1,0,0,0,0,90,Midfielder,2
132,Rodrigo Rodri,MCI,5.5,1,90,78,71,91,50,91,21,88,1,0,0.0,2,0,0,0,0,45,Midfielder,2
133,Pierre-Emile Højbjerg,TOT,5.0,1,90,46,43,93,13,81,6,86,0,0,0.0,0,0,0,0,0,0,Midfielder,2
134,Alex Iwobi,EVE,6.0,1,75,16,14,88,9,90,7,100,1,1,100.0,2,1,0,0,0,38,Midfielder,2
135,Vitaly Janelt,BRE,5.0,1,87,40,33,83,16,76,4,80,2,0,0.0,2,0,0,0,0,44,Midfielder,2
136,N&#039;Golo Kanté,CHE,4.9,1,18,15,12,80,6,67,2,40,0,0,0.0,0,0,0,0,0,0,Midfielder,2
137,Naby Keita,LIV,5.0,1,81,49,41,84,21,84,7,70,0,0,0.0,0,0,0,0,0,0,Midfielder,2
138,Mateusz Klich,LEE,5.5,1,60,32,28,88,21,91,16,94,1,0,0.0,3,0,0,0,0,20,Midfielder,2
139,Mateo Kovacic,CHE,5.0,1,72,69,65,94,33,100,12,100,0,0,0.0,1,0,0,0,0,72,Midfielder,2
140,Adam Lallana,BHA,5.5,1,80,76,68,89,22,81,8,67,0,0,0.0,0,0,0,0,0,0,Midfielder,2
141,Pierre Lees-Melou,NOR,5.0,1,90,30,25,83,6,86,1,50,1,0,0.0,0,0,0,0,0,0,Midfielder,2
142,Jesse Lingard,MUN,6.9,1,4,6,6,100,6,100,2,100,0,0,0.0,0,0,0,0,0,0,Midfielder,2
143,Celso Lo,TOT,5.9,1,23,9,9,100,5,100,0,0,3,1,33.3,1,0,0,0,0,23,Midfielder,2
144,(Sean) Longstaff,NEW,4.5,1,45,27,23,85,6,86,0,0,0,0,0.0,0,0,0,0,0,0,Midfielder,2
145,Imran Louza,WAT,5.4,1,45,14,9,64,2,50,1,33,2,0,0.0,1,0,0,0,0,45,Midfielder,2
146,Allister Mac,BHA,5.5,1,90,32,25,78,19,79,10,67,0,0,0.0,3,0,0,0,0,30,Midfielder,2
147,Francisco Trincão,WOL,5.9,1,84,24,22,92,18,90,13,87,4,1,25.0,2,0,0,0,0,42,Midfielder,2
148,James Maddison,LEI,6.9,1,81,29,23,79,15,75,5,63,0,0,0.0,1,0,0,0,0,81,Midfielder,2
149,Riyad Mahrez,MCI,8.9,1,15,7,7,100,6,100,6,100,0,0,0.0,1,0,0,0,0,15,Midfielder,2
150,Sadio Mane,LIV,11.9,1,90,20,14,70,8,62,4,50,1,1,100.0,2,0,0,0,0,45,Midfielder,2
151,Solomon March,BHA,5.5,1,90,36,24,67,10,63,6,67,3,0,0.0,1,0,0,0,0,90,Midfielder,2
152,Allan,EVE,4.5,1,90,24,16,67,7,70,4,57,0,0,0.0,2,0,0,0,0,45,Midfielder,2
153,Martinelli Gabriel,ARS,5.4,1,79,4,2,50,0,0,0,0,0,0,0.0,1,0,0,0,0,79,Midfielder,2
154,Nemanja Matic,MUN,4.5,1,86,71,54,76,17,77,7,100,0,0,0.0,0,0,0,0,0,0,Midfielder,2
155,Bryan Mbeumo,BRE,5.5,1,77,16,6,38,6,43,5,45,5,2,40.0,3,0,0,0,0,26,Midfielder,2
156,James McArthur,CRY,4.5,1,90,37,25,68,9,60,5,71,0,0,0.0,0,0,0,0,0,0,Midfielder,2
157,John McGinn,AVL,6.0,1,90,31,26,84,13,81,9,82,3,2,66.7,3,0,0,0,0,30,Midfielder,2
158,McLean Kenny,NOR,4.9,1,45,13,10,77,1,100,0,0,0,0,0.0,0,0,0,0,0,0,Midfielder,2
159,Dwight McNeil,BUR,5.9,1,90,23,17,74,14,82,6,86,5,1,20.0,1,0,0,0,0,90,Midfielder,2
160,Scott McTominay,MUN,5.4,1,14,4,3,75,1,50,1,50,1,0,0.0,0,0,0,0,0,0,Midfielder,2
161,Jakub Moder,BHA,4.5,1,10,3,0,0,0,0,0,0,0,0,0.0,0,0,0,0,0,0,Midfielder,2
162,Mason Mount,CHE,7.5,1,82,41,35,85,32,89,21,88,2,1,50.0,4,3,1,0,1,21,Midfielder,2
163,João Moutinho,WOL,5.0,1,72,39,32,82,23,92,16,94,1,1,100.0,3,0,0,0,0,24,Midfielder,2
164,Murphy Jacob,NEW,5.0,1,90,20,13,65,8,80,3,75,3,0,0.0,0,0,0,0,0,0,Midfielder,2
165,Enock Mwepu,BHA,5.9,1,18,8,3,38,1,50,0,0,0,0,0.0,0,0,0,0,0,0,Midfielder,2
166,Onyinye Ndidi,LEI,5.0,1,90,55,46,84,20,95,2,100,0,0,0.0,0,0,0,0,0,0,Midfielder,2
167,Mark Noble,WHU,4.5,1,2,7,7,100,0,0,0,0,0,0,0.0,0,0,0,0,0,0,Midfielder,2
168,Christian Norgaard,BRE,5.0,1,90,48,38,79,17,77,3,50,1,0,0.0,0,0,0,0,0,0,Midfielder,2
169,Frank Onyeka,BRE,5.0,1,70,24,19,79,17,81,8,73,0,0,0.0,1,0,0,0,0,70,Midfielder,2
170,Cole Palmer,MCI,4.5,1,21,14,14,100,10,100,8,100,2,0,0.0,0,0,0,0,0,0,Midfielder,2
171,Nicolas Pepe,ARS,7.3,1,90,24,21,88,16,89,12,92,9,1,11.1,0,0,0,0,0,0,Midfielder,2
172,Pérez Ayoze,LEI,5.9,1,40,14,12,86,11,85,6,100,1,0,0.0,1,0,0,0,0,40,Midfielder,2
173,(Kalvin) Phillips,LEE,5.0,1,90,66,57,86,31,84,13,81,2,1,50.0,2,0,0,0,0,45,Midfielder,2
174,Jaden Philogene-Bidace,AVL,5.0,1,4,2,0,0,0,0,0,0,0,0,0.0,0,0,0,0,0,0,Midfielder,2
175,Paul Pogba,MUN,7.7,1,90,41,33,80,21,81,10,77,1,1,100.0,1,0,1,0,1,90,Midfielder,2
176,Ramsey Jacob,AVL,4.5,1,90,23,19,83,14,88,7,100,1,1,100.0,0,0,0,0,0,0,Midfielder,2
177,Milot Rashica,NOR,5.4,1,90,13,10,77,4,80,0,0,1,0,0.0,0,0,0,0,0,0,Midfielder,2
178,Declan Rice,WHU,5.0,1,90,66,63,95,35,100,12,100,2,2,100.0,2,0,1,0,1,45,Midfielder,2
179,(Tyler) Roberts,LEE,5.0,1,30,12,6,50,4,40,2,40,1,0,0.0,0,0,0,0,0,0,Midfielder,2
180,Frederico Fred,MUN,5.0,1,76,52,39,75,20,77,10,83,0,0,0.0,2,0,0,0,0,38,Midfielder,2
181,Moura Lucas,TOT,6.5,1,67,15,12,80,10,91,4,100,0,0,0.0,0,0,0,0,0,0,Midfielder,2
182,Oriol Romeu,SOU,4.5,1,90,36,25,69,16,70,4,57,0,0,0.0,0,0,0,0,0,0,Midfielder,2
183,Lukas Rupp,NOR,4.5,1,45,18,17,94,1,100,1,100,0,0,0.0,0,0,0,0,0,0,Midfielder,2
184,Bukayo Saka,ARS,6.3,1,61,28,22,79,20,83,11,92,1,0,0.0,1,0,0,0,0,61,Midfielder,2
185,Mohamed Salah,LIV,12.5,1,90,30,26,87,23,88,19,90,1,0,0.0,2,0,0,0,0,45,Midfielder,2
186,Lokonga Sambi,ARS,5.0,1,90,41,34,83,17,89,3,60,1,0,0.0,0,0,0,0,0,0,Midfielder,2
187,Jadon Sancho,MUN,9.3,1,31,21,17,81,14,78,5,71,0,0,0.0,1,0,0,0,0,31,Midfielder,2
188,Sarr Ismaila,WAT,6.0,1,90,34,29,85,24,83,17,81,6,1,16.7,2,0,0,0,0,45,Midfielder,2
189,Jeffrey Schlupp,CRY,5.5,1,68,16,14,88,8,89,3,75,0,0,0.0,1,0,0,0,0,68,Midfielder,2
190,Ken Sema,WAT,5.4,1,78,18,12,67,7,70,5,63,2,0,0.0,1,0,0,0,0,78,Midfielder,2
191,Jamie Shackleton,LEE,4.5,1,30,18,17,94,12,92,3,75,1,0,0.0,0,0,0,0,0,0,Midfielder,2
192,Oliver Skipp,TOT,4.5,1,90,47,39,83,16,100,1,100,0,0,0.0,0,0,0,0,0,0,Midfielder,2
193,Emile Smith-Rowe,ARS,5.4,1,90,36,32,89,25,89,14,88,1,0,0.0,0,0,0,0,0,0,Midfielder,2
194,Luiz Douglas,AVL,4.5,1,88,32,29,91,10,91,1,100,0,0,0.0,0,0,0,0,0,0,Midfielder,2
195,Heung-Min Son,TOT,10.1,1,72,14,10,71,8,89,4,80,3,0,0.0,0,0,0,0,0,0,Midfielder,2
196,Tomas Soucek,WHU,6.0,1,90,59,51,86,26,87,14,93,0,0,0.0,0,0,0,0,0,0,Midfielder,2
197,Boubakary Soumaré,LEI,4.9,1,9,3,3,100,1,100,0,0,0,0,0.0,0,0,0,0,0,0,Midfielder,2
198,(Raheem) Sterling,MCI,10.9,1,29,9,8,89,7,88,3,75,0,0,0.0,0,0,0,0,0,0,Midfielder,2
199,Jota Diogo,LIV,7.6,1,81,20,19,95,16,100,9,100,0,0,0.0,2,0,0,0,0,41,Midfielder,2
200,Youri Tielemans,LEI,6.5,1,90,51,41,80,14,78,4,57,0,0,0.0,0,0,0,0,0,0,Midfielder,2
201,Ferran Torres,MCI,7.1,1,61,15,12,80,11,92,9,90,0,0,0.0,0,0,0,0,0,0,Midfielder,2
202,Andros Townsend,EVE,5.5,1,15,6,4,67,3,60,3,75,0,0,0.0,0,0,0,0,0,0,Midfielder,2
203,Adama Traoré,WOL,6.0,1,90,34,26,76,24,77,16,80,5,3,60.0,4,0,0,0,0,23,Midfielder,2
204,Leandro Trossard,BHA,6.4,1,72,36,28,78,18,72,9,64,2,0,0.0,0,0,0,0,0,0,Midfielder,2
205,Silva Bernardo,MCI,7.0,1,90,52,45,87,39,85,25,83,3,0,0.0,0,0,0,0,0,0,Midfielder,2
206,Theo Walcott,SOU,5.9,1,45,2,2,100,0,0,0,0,1,0,0.0,0,0,0,0,0,0,Midfielder,2
207,James Ward-Prowse,SOU,6.5,1,90,42,33,79,21,84,6,100,9,2,22.2,1,0,0,0,0,90,Midfielder,2
208,Joseph Willock,NEW,6.0,1,89,22,14,64,6,50,3,60,1,0,0.0,1,0,0,0,0,89,Midfielder,2
209,Harry Winks,TOT,4.5,1,1,0,0,0,0,0,0,0,0,0,0.0,0,0,0,0,0,0,Midfielder,2
210,Yoane Wissa,BRE,6.0,1,13,2,1,50,1,100,0,0,0,0,0.0,0,0,0,0,0,0,Midfielder,2
211,Granit Xhaka,ARS,5.0,1,90,41,32,78,18,86,9,90,1,0,0.0,2,0,0,0,0,45,Midfielder,2
212,Andriy Yarmolenko,WHU,5.4,1,1,2,2,100,1,100,0,0,1,0,0.0,0,0,0,0,0,0,Midfielder,2
213,Wilfried Zaha,CRY,6.9,1,90,29,21,72,16,80,12,80,2,1,50.0,2,1,0,0,0,45,Midfielder,2
214,Hakim Ziyech,CHE,7.4,1,8,6,2,33,2,40,1,33,0,0,0.0,0,0,0,0,0,0,Midfielder,2
215,Che Adams,SOU,7.0,1,90,22,10,45,7,37,6,50,0,0,0.0,2,1,0,1,1,45,Forward,2
216,Michail Antonio,WHU,7.9,1,89,23,14,61,13,72,12,71,1,0,0.0,2,1,1,0,1,45,Forward,2
217,Joelinton,NEW,5.9,1,12,4,4,100,4,100,2,100,0,0,0.0,0,0,0,0,0,0,Forward,2
218,(Adam) Armstrong,SOU,6.0,1,90,14,10,71,8,67,5,63,2,0,0.0,1,0,0,0,0,90,Forward,2
219,Pierre-Emerick Aubameyang,ARS,9.9,1,29,6,2,33,1,20,1,25,0,0,0.0,0,0,0,0,0,0,Forward,2
220,Ayew Jordan,CRY,6.0,1,22,8,8,100,6,100,1,100,2,0,0.0,0,0,0,0,0,0,Forward,2
221,Folarin Balogun,ARS,5.0,1,11,4,1,25,1,50,1,50,0,0,0.0,0,0,0,0,0,0,Forward,2
222,Patrick Bamford,LEE,7.9,1,90,21,15,71,10,71,6,67,0,0,0.0,1,1,1,0,1,90,Forward,2
223,Roberto Firmino,LIV,8.9,1,9,6,4,67,4,100,2,100,0,0,0.0,1,0,0,0,0,9,Forward,2
224,(Ashley) Barnes,BUR,5.5,1,90,18,13,72,13,81,9,82,0,0,0.0,3,0,0,0,0,30,Forward,2
225,Christian Benteke,CRY,6.4,1,90,23,14,61,12,67,6,86,0,0,0.0,1,0,0,0,0,90,Forward,2
226,Dominic Calvert-Lewin,EVE,8.2,1,89,18,14,78,11,85,9,90,0,0,0.0,2,0,0,0,0,45,Forward,2
227,Aaron Connolly,BHA,5.5,1,45,2,1,50,1,50,0,0,0,0,0.0,0,0,0,0,0,0,Forward,2
228,Patson Daka,LEI,7.3,1,26,1,0,0,0,0,0,0,0,0,0.0,0,0,0,0,0,0,Forward,2
229,Richarlison,EVE,7.6,1,90,15,11,73,7,78,6,75,1,0,0.0,3,0,0,0,0,30,Forward,2
230,Gabriel Jesus,MCI,8.5,1,90,69,64,93,56,92,41,91,3,0,0.0,3,2,2,0,2,30,Forward,2
231,Troy Deeney,WAT,5.4,1,12,5,2,40,2,40,1,25,0,0,0.0,1,0,0,0,0,12,Forward,2
232,Emmanuel Dennis,WAT,5.2,1,90,21,12,57,7,50,3,38,3,1,33.3,1,0,0,0,0,90,Forward,2
233,Saman Ghoddos,BRE,5.4,1,20,5,2,40,2,67,1,50,1,0,0.0,0,0,0,0,0,0,Forward,2
234,Juan Cucho,WAT,5.0,1,45,18,11,61,8,62,3,50,0,0,0.0,0,0,0,0,0,0,Forward,2
235,Kelechi Iheanacho,LEI,7.2,1,9,6,6,100,1,100,1,100,0,0,0.0,0,0,0,0,0,0,Forward,2
236,Danny Ings,AVL,8.1,1,89,9,5,56,3,43,1,25,1,0,0.0,0,0,0,0,0,0,Forward,2
237,Jiménez Raúl,WOL,7.4,1,90,25,21,84,14,82,10,91,0,0,0.0,4,0,0,0,0,23,Forward,2
238,Harry Kane,TOT,12.3,1,18,10,6,60,6,60,3,75,0,0,0.0,1,0,0,0,0,18,Forward,2
239,Moise Kean,EVE,6.0,1,1,1,1,100,0,0,0,0,0,0,0.0,0,0,0,0,0,0,Forward,2
240,Joshua King,WAT,5.5,1,25,11,10,91,9,90,5,83,1,1,100.0,3,0,0,0,0,8,Forward,2
241,Romelu Lukaku,CHE,11.5,1,90,20,19,95,17,100,12,100,0,0,0.0,3,1,0,0,0,30,Forward,2
242,Anthony Martial,MUN,7.8,1,59,6,4,67,3,60,2,67,0,0,0.0,0,0,0,0,0,0,Forward,2
243,Neal Maupay,BHA,6.5,1,45,8,5,63,4,57,3,50,0,0,0.0,1,0,0,0,0,45,Forward,2
244,Wesley,AVL,5.5,1,1,2,2,100,2,100,2,100,0,0,0.0,0,0,0,0,0,0,Forward,2
245,Teemu Pukki,NOR,5.9,1,77,15,11,73,2,67,1,50,0,0,0.0,0,0,0,0,0,0,Forward,2
246,Jay Rodriguez,BUR,5.5,1,15,4,4,100,4,100,4,100,0,0,0.0,1,1,0,0,0,15,Forward,2
247,Allan Saint-Maximin,NEW,6.5,1,90,20,17,85,11,79,7,70,2,0,0.0,0,0,0,0,0,0,Forward,2
248,Joshua Sargent,NOR,5.5,1,13,5,4,80,2,100,1,100,0,0,0.0,0,0,0,0,0,0,Forward,2
249,Silva Fabio,WOL,5.9,1,6,0,0,0,0,0,0,0,0,0,0.0,0,0,0,0,0,0,Forward,2
250,Ivan Toney,BRE,6.4,1,90,22,11,50,7,44,5,45,0,0,0.0,0,0,0,0,0,0,Forward,2
251,Jamie Vardy,LEI,10.5,1,81,14,11,79,6,75,2,67,1,0,0.0,0,0,0,0,0,0,Forward,2
252,Timo Werner,CHE,8.7,1,1,0,0,0,0,0,0,0,0,0,0.0,0,0,0,0,0,0,Forward,2
253,Wilson C,NEW,7.5,1,90,4,4,100,4,100,2,100,0,0,0.0,1,0,0,0,0,90,Forward,2
254,Chris Wood,BUR,6.9,1,75,11,7,64,4,50,3,60,0,0,0.0,0,0,0,0,0,0,Forward,2
0,Maximillian Aarons,NOR,4.5,1,90,31,21,68,12,67,5,63,2,2,100.0,3,1,0,0,0,30,Defender,3
1,Kristoffer Ajer,BRE,4.5,1,90,36,25,69,4,50,1,25,0,0,0.0,0,0,0,0,0,0,Defender,3
2,Trent Alexander-Arnold,LIV,7.5,1,90,84,69,82,51,85,26,76,11,3,27.3,5,1,0,0,0,18,Defender,3
3,Marcos Alonso,CHE,5.7,1,90,41,31,76,11,79,6,100,5,0,0.0,1,0,0,0,0,90,Defender,3
4,Cedric,ARS,4.4,1,90,16,7,44,4,50,4,80,0,0,0.0,0,0,0,0,0,0,Defender,3
5,Daniel Amartey,LEI,4.1,1,90,75,61,81,13,93,0,0,0,0,0.0,1,0,0,0,0,90,Defender,3
6,Joachim Andersen,CRY,4.5,1,90,66,54,82,6,86,1,100,2,1,50.0,2,0,0,0,0,45,Defender,3
7,Luke Ayling,LEE,4.5,1,90,65,51,78,19,70,8,67,4,0,0.0,0,0,0,0,0,0,Defender,3
8,César Azpilicueta,CHE,6.0,1,90,54,39,72,7,58,5,63,1,1,100.0,0,0,0,0,0,0,Defender,3
9,Pereira Ricardo,LEI,5.5,1,11,3,2,67,1,50,1,100,0,0,0.0,1,1,1,0,1,11,Defender,3
10,Matthew Cash,AVL,5.0,1,90,43,32,74,10,53,4,50,3,0,0.0,0,0,0,0,0,0,Defender,3
11,Timothy Castagne,LEI,5.4,1,79,46,37,80,16,80,3,75,2,0,0.0,0,0,0,0,0,0,Defender,3
12,Craig Cathcart,WAT,4.5,1,51,20,17,85,3,75,1,100,0,0,0.0,0,0,0,0,0,0,Defender,3
13,Cancelo João,MCI,6.0,1,90,98,89,91,61,91,25,96,5,1,20.0,0,0,0,0,0,0,Defender,3
14,(Trevoh) Chalobah,CHE,5.0,1,3,4,1,25,0,0,0,0,0,0,0.0,0,0,0,0,0,0,Defender,3
15,Calum Chambers,ARS,4.4,1,90,24,19,79,5,83,0,0,1,0,0.0,0,0,0,0,0,0,Defender,3
16,Andreas Christensen,CHE,5.0,1,90,35,28,80,3,100,0,0,0,0,0.0,0,0,0,0,0,0,Defender,3
17,Conor Coady,WOL,4.5,1,87,33,30,91,0,0,0,0,0,0,0.0,0,0,0,0,0,0,Defender,3
18,Seamus Coleman,EVE,5.0,1,90,29,20,69,8,67,4,57,3,0,0.0,0,0,0,1,1,0,Defender,3
19,Liam Cooper,LEE,4.5,1,90,79,67,85,9,90,1,100,0,0,0.0,0,0,0,0,0,0,Defender,3
20,Vladimir Coufal,WHU,5.0,1,90,44,26,59,14,67,9,82,12,3,25.0,1,0,0,0,0,90,Defender,3
21,(Aaron) Cresswell,WHU,5.5,1,90,47,33,70,20,69,9,64,4,1,25.0,1,0,0,1,1,90,Defender,3
22,Silva Thiago,CHE,5.4,1,45,16,12,75,0,0,0,0,0,0,0.0,0,0,0,0,0,0,Defender,3
23,Dalot Diogo,MUN,4.5,1,1,1,0,0,0,0,0,0,0,0,0.0,0,0,0,0,0,0,Defender,3
24,Craig Dawson,WHU,5.0,1,90,31,29,94,6,86,2,100,0,0,0.0,0,0,0,0,0,0,Defender,3
25,Eric Dier,TOT,4.6,1,90,59,54,92,11,85,1,100,0,0,0.0,0,0,0,0,0,0,Defender,3
26,Lucas Digne,EVE,5.4,1,90,27,23,85,15,94,9,100,6,1,16.7,0,0,0,0,0,0,Defender,3
27,Shane Duffy,BHA,4.1,1,90,84,76,90,4,57,1,100,0,0,0.0,0,0,0,0,0,0,Defender,3
28,Lewis Dunk,BHA,5.0,1,90,84,78,93,14,93,2,100,0,0,0.0,0,0,0,0,0,0,Defender,3
29,Federico Fernández,NEW,4.5,1,90,27,18,67,0,0,0,0,1,0,0.0,0,0,0,0,0,0,Defender,3
30,Dias Rúben,MCI,6.0,1,90,68,66,97,22,96,1,100,1,1,100.0,2,0,0,0,0,45,Defender,3
31,(Ben) Gibson,NOR,4.5,1,90,51,38,75,5,100,2,100,0,0,0.0,0,0,0,0,0,0,Defender,3
32,Guehi Marc,CRY,4.5,1,90,69,58,84,4,67,2,67,0,0,0.0,0,0,0,0,0,0,Defender,3
33,Grant Hanley,NOR,4.5,1,90,40,31,78,2,67,0,0,0,0,0.0,0,0,0,0,0,0,Defender,3
34,Kortney Hause,AVL,4.4,1,1,9,7,78,1,100,0,0,0,0,0.0,0,0,0,0,0,0,Defender,3
35,Rico Henry,BRE,4.5,1,90,34,22,65,8,57,4,57,0,0,0.0,1,0,0,0,0,90,Defender,3
36,Rob Holding,ARS,4.3,1,90,18,14,78,2,100,0,0,0,0,0.0,0,0,0,0,0,0,Defender,3
37,Mason Holgate,EVE,4.5,1,90,37,26,70,3,75,1,100,0,0,0.0,0,0,0,0,0,0,Defender,3
38,(Reece) James,CHE,5.6,1,48,18,12,67,4,80,4,100,3,1,33.3,1,0,1,0,1,48,Defender,3
39,Pontus Jansson,BRE,4.5,1,90,55,46,84,1,100,1,100,0,0,0.0,1,1,1,0,1,90,Defender,3
40,Michael Keane,EVE,5.0,1,90,25,23,92,3,100,0,0,0,0,0.0,0,0,0,0,0,0,Defender,3
41,Max Kilman,WOL,4.5,1,90,36,34,94,4,80,2,100,0,0,0.0,0,0,0,0,0,0,Defender,3
42,Sead Kolasinac,ARS,4.4,1,90,12,11,92,0,0,0,0,0,0,0.0,0,0,0,0,0,0,Defender,3
43,Ngoyo Konsa,AVL,5.0,1,89,29,24,83,0,0,0,0,0,0,0.0,0,0,0,0,0,0,Defender,3
44,Cheikhou Kouyaté,CRY,4.5,1,90,45,36,80,15,94,3,75,0,0,0.0,0,0,0,0,0,0,Defender,3
45,Aymeric Laporte,MCI,5.5,1,90,82,80,98,24,100,7,100,1,0,0.0,0,0,0,0,0,0,Defender,3
46,Jamaal Lascelles,NEW,4.5,1,90,23,19,83,1,100,1,100,0,0,0.0,0,0,0,0,0,0,Defender,3
47,Valentino Livramento,SOU,4.1,1,90,40,34,85,26,90,16,89,3,0,0.0,3,1,0,0,0,30,Defender,3
48,Llorente Diego,LEE,4.5,1,65,42,32,76,8,80,2,100,0,0,0.0,0,0,0,0,0,0,Defender,3
49,Matthew Lowton,BUR,4.5,1,90,24,15,63,7,64,3,100,0,0,0.0,1,1,1,0,1,90,Defender,3
50,Harry Maguire,MUN,5.5,1,90,64,59,92,8,73,0,0,0,0,0.0,0,0,0,0,0,0,Defender,3
51,Fernando Marçal,WOL,4.5,1,90,43,35,81,16,84,9,82,4,0,0.0,0,0,0,0,0,0,Defender,3
52,Adam Masina,WAT,4.5,1,90,55,42,76,13,81,3,100,4,1,25.0,1,0,0,0,0,90,Defender,3
53,Joel Matip,LIV,5.0,1,90,85,79,93,27,90,8,80,0,0,0.0,0,0,0,0,0,0,Defender,3
54,Ben Mee,BUR,5.0,1,90,27,17,63,2,40,0,0,0,0,0.0,1,0,0,0,0,90,Defender,3
55,Tyrick Mitchell,CRY,4.5,1,90,36,25,69,9,69,2,50,2,1,50.0,1,0,0,0,0,90,Defender,3
56,Jeremy Ngakia,WAT,4.4,1,39,19,15,79,3,100,1,100,1,0,0.0,0,0,0,0,0,0,Defender,3
57,Angelo Ogbonna,WHU,5.0,1,90,37,31,84,7,100,1,100,0,0,0.0,0,0,0,0,0,0,Defender,3
58,Ethan Pinnock,BRE,4.6,1,90,85,70,82,7,64,1,33,0,0,0.0,0,0,0,0,0,0,Defender,3
59,Sergio Reguilón,TOT,5.1,1,90,30,27,90,20,91,12,92,3,1,33.3,1,0,0,0,0,90,Defender,3
60,Matt Ritchie,NEW,5.0,1,90,27,19,70,7,64,4,100,3,0,0.0,1,0,0,0,0,90,Defender,3
61,Andrew Robertson,LIV,7.0,1,86,58,46,79,30,77,19,73,8,2,25.0,4,0,0,0,0,22,Defender,3
62,Antonio Rüdiger,CHE,5.5,1,90,33,19,58,1,100,1,100,0,0,0.0,0,0,0,0,0,0,Defender,3
63,Romain Saiss,WOL,5.0,1,90,43,33,77,5,83,0,0,0,0,0.0,0,0,0,0,0,0,Defender,3
64,Mohammed Salisu,SOU,4.5,1,90,73,62,85,26,93,1,100,0,0,0.0,1,0,0,0,0,90,Defender,3
65,Davinson DSanchez,TOT,4.5,1,90,61,55,90,18,90,1,50,0,0,0.0,0,0,0,0,0,0,Defender,3
66,Fabian Schär,NEW,4.4,1,90,38,28,74,1,33,1,50,0,0,0.0,0,0,0,0,0,0,Defender,3
67,Nelson Semedo,WOL,4.9,1,90,39,31,79,19,83,9,82,1,0,0.0,1,0,0,0,0,90,Defender,3
68,Luke Shaw,MUN,5.5,1,90,54,47,87,26,79,10,71,7,1,14.3,1,0,0,0,0,90,Defender,3
69,Francisco Sierralta,WAT,4.4,1,90,55,52,95,1,100,0,0,0,0,0.0,0,0,0,0,0,0,Defender,3
70,Caglar Söyüncü,LEI,5.0,1,90,65,54,83,8,89,0,0,0,0,0.0,0,0,0,0,0,0,Defender,3
71,(Jack) Stephens,SOU,4.5,1,90,68,57,84,21,81,8,100,0,0,0.0,2,0,0,0,0,45,Defender,3
72,Pascal Struijk,LEE,4.5,1,90,68,61,90,4,67,0,0,0,0,0.0,0,0,0,0,0,0,Defender,3
73,Japhet Tanganga,TOT,4.5,1,90,43,38,88,28,90,16,100,5,1,20.0,2,0,0,0,0,45,Defender,3
74,Matt Targett,AVL,4.9,1,90,61,40,66,16,67,5,71,5,0,0.0,0,0,0,0,0,0,Defender,3
75,James Tarkowski,BUR,5.0,1,90,23,16,70,1,33,0,0,0,0,0.0,0,0,0,0,0,0,Defender,3
76,(Charlie) Taylor,BUR,4.5,1,90,22,17,77,8,89,3,75,1,0,0.0,0,0,0,0,0,0,Defender,3
77,(Luke) Thomas,LEI,4.5,1,90,33,28,85,5,100,1,100,4,0,0.0,1,0,0,0,0,90,Defender,3
78,Kieran Tierney,ARS,4.9,1,90,12,6,50,2,50,1,50,1,1,100.0,1,0,0,0,0,90,Defender,3
79,William Troost-Ekong,WAT,4.5,1,90,46,44,96,2,100,1,100,0,0,0.0,0,0,0,0,0,0,Defender,3
80,Konstantinos Tsimikas,LIV,4.2,1,4,1,1,100,1,100,1,100,4,1,25.0,1,0,0,0,0,4,Defender,3
81,Axel Tuanzebe,AVL,4.5,1,90,35,28,80,2,100,0,0,1,0,0.0,0,0,0,0,0,0,Defender,3
82,Dijk van,LIV,6.5,1,90,79,72,91,25,96,5,100,0,0,0.0,0,0,0,0,0,0,Defender,3
83,Raphael Varane,MUN,5.5,1,90,68,60,88,6,75,0,0,0,0,0.0,1,0,1,0,1,90,Defender,3
84,Joël Veltman,BHA,4.4,1,45,37,34,92,13,87,9,90,2,0,0.0,2,0,0,0,0,23,Defender,3
85,(Kyle) Walker,MCI,5.5,1,45,32,25,78,14,93,2,67,0,0,0.0,0,0,0,0,0,0,Defender,3
86,Kyle Walker-Peters,SOU,4.9,1,90,61,58,95,38,97,25,96,3,0,0.0,2,0,0,0,0,45,Defender,3
87,Aaron Wan-Bissaka,MUN,5.5,1,90,59,56,95,21,91,8,89,1,0,0.0,0,0,0,0,0,0,Defender,3
88,(Joel) Ward,CRY,4.5,1,90,41,29,71,7,58,1,50,0,0,0.0,0,0,0,0,0,0,Defender,3
89,Adam Webster,BHA,4.5,1,90,89,79,89,22,85,4,80,1,0,0.0,0,0,0,0,0,0,Defender,3
90,(Brandon) Williams,NOR,4.0,1,90,39,33,85,13,87,6,86,0,0,0.0,0,0,0,0,0,0,Defender,3
91,(Ashley) Young,AVL,5.0,1,79,20,13,65,7,78,2,67,1,0,0.0,0,0,0,0,0,0,Defender,3
92,Oleksandr Zinchenko,MCI,5.4,1,45,37,35,95,32,100,27,100,2,0,0.0,0,0,0,0,0,0,Defender,3
93,Marc Albrighton,LEI,5.4,1,90,28,15,54,9,50,5,56,9,1,11.1,0,0,0,0,0,0,Midfielder,3
94,Alcántara Thiago,LIV,5.4,1,16,20,16,80,12,75,8,73,0,0,0.0,1,0,0,0,0,16,Midfielder,3
95,Bamidele Alli,TOT,6.5,1,90,33,28,85,23,85,8,80,2,0,0.0,0,0,0,0,0,0,Midfielder,3
96,Miguel Almirón,NEW,5.5,1,90,20,14,70,7,70,3,50,3,1,33.3,0,0,0,0,0,0,Midfielder,3
97,(Shandon) Baptiste,BRE,5.0,1,1,0,0,0,0,0,0,0,0,0,0.0,0,0,0,0,0,0,Midfielder,3
98,(Harvey) Barnes,LEI,6.9,1,67,17,14,82,11,79,7,78,4,1,25.0,0,0,0,0,0,0,Midfielder,3
99,Said Benrahma,WHU,6.4,1,90,31,27,87,21,88,13,87,0,0,0.0,1,0,0,0,0,90,Midfielder,3
100,Johann Gudmundsson,BUR,5.5,1,63,20,17,85,13,81,10,100,3,0,0.0,0,0,0,0,0,0,Midfielder,3
101,Steven Bergwijn,TOT,6.0,1,68,21,20,95,19,95,15,94,3,0,0.0,0,0,0,1,1,0,Midfielder,3
102,Yves Bissouma,BHA,4.6,1,90,65,58,89,27,87,12,92,0,0,0.0,0,0,0,0,0,0,Midfielder,3
103,Fernandes Bruno,MUN,12.1,1,90,49,37,76,30,75,14,74,0,0,0.0,1,0,0,0,0,90,Midfielder,3
104,Jarrod Bowen,WHU,6.4,1,79,11,10,91,9,90,3,75,6,2,33.3,2,0,0,0,0,40,Midfielder,3
105,Josh Brownhill,BUR,4.5,1,90,25,17,68,8,67,5,71,1,1,100.0,0,0,0,0,0,0,Midfielder,3
106,Emiliano Buendía,AVL,6.4,1,90,27,17,63,8,50,4,50,8,3,37.5,2,0,0,0,0,45,Midfielder,3
107,Sergi Canos,BRE,5.5,1,90,23,14,61,8,67,3,100,4,0,0.0,0,0,0,0,0,0,Midfielder,3
108,Todd Cantwell,NOR,5.5,1,90,33,29,88,16,84,3,50,1,0,0.0,0,0,0,0,0,0,Midfielder,3
109,(Carney) Chukwuemeka,AVL,4.5,1,63,17,13,76,8,80,4,80,0,0,0.0,0,0,0,0,0,0,Midfielder,3
110,Tom Cleverley,WAT,5.0,1,19,9,6,67,5,71,3,75,2,1,50.0,0,0,0,0,0,0,Midfielder,3
111,Neves Ruben,WOL,5.5,1,90,64,53,83,19,86,6,100,0,0,0.0,1,0,0,0,0,90,Midfielder,3
112,Stuart Dallas,LEE,5.5,1,90,52,45,87,17,77,4,57,2,0,0.0,0,0,0,0,0,0,Midfielder,3
113,Kiernan Dewsbury-Hall,LEI,4.5,1,4,3,2,67,2,67,0,0,0,0,0.0,0,0,0,0,0,0,Midfielder,3
114,Ibrahima Diallo,SOU,4.5,1,2,7,6,86,2,67,2,67,0,0,0.0,0,0,0,0,0,0,Midfielder,3
115,Raphael Raphinha,LEE,6.5,1,90,33,25,76,16,70,5,63,5,2,40.0,2,0,0,0,0,45,Midfielder,3
116,Moussa Djenepo,SOU,5.5,1,58,19,18,95,14,93,9,90,1,0,0.0,1,0,0,0,0,58,Midfielder,3
117,Abdoulaye Doucouré,EVE,5.5,1,90,43,36,84,21,88,14,82,0,0,0.0,1,0,0,0,0,90,Midfielder,3
118,Ghazi El,AVL,6.0,1,90,27,23,85,13,76,11,79,3,2,66.7,2,1,0,0,0,45,Midfielder,3
119,Harvey Elliott,LIV,5.5,1,90,86,75,87,60,87,40,87,4,1,25.0,1,0,0,0,0,90,Midfielder,3
120,Mohamed Elneny,ARS,4.5,1,45,9,9,100,3,100,0,0,0,0,0.0,0,0,0,0,0,0,Midfielder,3
121,Mohammed Elyounoussi,SOU,5.5,1,90,35,27,77,21,81,11,69,3,0,0.0,2,0,0,0,0,45,Midfielder,3
122,Peter Etebo,WAT,4.5,1,90,31,30,97,7,88,3,100,1,1,100.0,1,0,0,0,0,90,Midfielder,3
123,Pablo Fornals,WHU,6.0,1,87,37,26,70,20,74,10,71,2,1,50.0,1,0,0,0,0,87,Midfielder,3
124,Ryan Fraser,NEW,5.4,1,6,3,1,33,1,33,1,50,1,0,0.0,0,0,0,1,1,0,Midfielder,3
125,Jorge Jorginho,CHE,6.0,1,87,29,24,83,3,60,2,67,0,0,0.0,0,0,0,0,0,0,Midfielder,3
126,Conor Gallagher,CRY,5.5,1,90,25,24,96,9,90,2,67,5,3,60.0,1,1,0,0,0,90,Midfielder,3
127,Morgan Gibbs-White,WOL,4.5,1,3,4,3,75,2,100,1,100,0,0,0.0,0,0,0,0,0,0,Midfielder,3
128,Billy Gilmour,NOR,4.5,1,79,32,28,88,16,89,3,75,3,0,0.0,0,0,0,0,0,0,Midfielder,3
129,(Demarai) Gray,EVE,5.6,1,81,19,15,79,14,78,9,69,0,0,0.0,2,0,0,0,0,41,Midfielder,3
130,Jack Grealish,MCI,8.0,1,90,68,63,93,60,92,50,93,1,0,0.0,6,1,1,0,1,15,Midfielder,3
131,(Mason) Greenwood,MUN,7.6,1,89,24,21,88,17,85,6,86,5,1,20.0,2,0,0,0,0,45,Midfielder,3
132,Pascal Groß,BHA,6.0,1,90,61,50,82,28,97,14,93,8,4,50.0,3,0,0,0,0,30,Midfielder,3
133,Ilkay Gündogan,MCI,7.3,1,90,98,89,91,74,90,36,88,9,0,0.0,2,1,0,0,0,45,Midfielder,3
134,Jack Harrison,LEE,5.9,1,90,35,28,80,20,91,9,82,9,0,0.0,4,0,0,0,0,23,Midfielder,3
135,Kai Havertz,CHE,8.3,1,45,10,6,60,4,100,3,100,0,0,0.0,0,0,0,0,0,0,Midfielder,3
136,(Jordan) Henderson,LIV,5.0,1,74,79,68,86,51,94,23,92,1,0,0.0,0,0,0,0,0,0,Midfielder,3
137,Rodrigo Rodri,MCI,5.5,1,90,104,100,96,66,97,30,97,1,1,100.0,2,0,0,0,0,45,Midfielder,3
138,Pierre-Emile Højbjerg,TOT,5.0,1,90,91,79,87,51,89,25,96,1,0,0.0,1,0,0,0,0,90,Midfielder,3
139,Alex Iwobi,EVE,6.0,1,21,14,12,86,9,82,7,78,0,0,0.0,2,0,0,0,0,11,Midfielder,3
140,(Daniel) James,MUN,6.0,1,53,12,7,58,7,64,3,50,3,0,0.0,1,1,0,0,0,53,Midfielder,3
141,Vitaly Janelt,BRE,5.0,1,89,40,32,80,12,86,4,80,0,0,0.0,2,0,0,0,0,45,Midfielder,3
142,Mathias Jensen,BRE,4.9,1,10,2,2,100,2,100,1,100,2,1,50.0,2,0,0,0,0,5,Midfielder,3
143,N&#039;Golo Kanté,CHE,4.9,1,45,22,14,64,4,57,0,0,0,0,0.0,1,0,0,0,0,45,Midfielder,3
144,Mateo Kovacic,CHE,5.0,1,45,23,21,91,6,100,4,100,0,0,0.0,0,0,0,0,0,0,Midfielder,3
145,Juraj Kucka,WAT,5.5,1,90,28,19,68,9,60,4,67,1,0,0.0,0,0,0,0,0,0,Midfielder,3
146,Adam Lallana,BHA,5.5,1,59,34,28,82,12,80,7,88,0,0,0.0,0,0,0,0,0,0,Midfielder,3
147,Manuel Lanzini,WHU,5.9,1,11,7,6,86,4,80,1,100,0,0,0.0,0,0,0,0,0,0,Midfielder,3
148,Pierre Lees-Melou,NOR,5.0,1,73,22,16,73,7,58,4,80,0,0,0.0,1,0,0,1,1,73,Midfielder,3
149,Aaron Lennon,BUR,5.0,1,27,4,4,100,2,100,2,100,0,0,0.0,0,0,0,0,0,0,Midfielder,3
150,(Sean) Longstaff,NEW,4.5,1,90,39,28,72,12,86,3,75,1,1,100.0,2,0,0,0,0,45,Midfielder,3
151,Allister Mac,BHA,5.5,1,45,19,16,84,8,73,3,50,0,0,0.0,0,0,0,0,0,0,Midfielder,3
152,Francisco Trincão,WOL,5.9,1,70,32,26,81,19,83,12,80,1,0,0.0,0,0,0,0,0,0,Midfielder,3
153,James Maddison,LEI,6.9,1,86,28,20,71,9,60,0,0,0,0,0.0,0,0,0,0,0,0,Midfielder,3
154,Riyad Mahrez,MCI,8.9,1,29,31,27,87,26,87,20,87,3,1,33.3,3,3,1,0,1,10,Midfielder,3
155,Ainsley Maitland-Niles,ARS,5.4,1,19,3,2,67,1,50,0,0,0,0,0.0,0,0,0,0,0,0,Midfielder,3
156,Sadio Mane,LIV,11.9,1,90,40,30,75,27,75,16,73,4,0,0.0,1,1,0,1,1,90,Midfielder,3
157,Allan,EVE,4.5,1,90,33,31,94,19,95,8,100,1,1,100.0,3,0,1,0,1,30,Midfielder,3
158,Bryan Mbeumo,BRE,5.5,1,80,13,10,77,5,71,2,67,0,0,0.0,0,0,0,0,0,0,Midfielder,3
159,James McArthur,CRY,4.5,1,88,54,48,89,25,93,11,92,1,0,0.0,0,0,0,1,1,0,Midfielder,3
160,McLean Kenny,NOR,4.9,1,90,35,26,74,10,67,4,67,0,0,0.0,0,0,0,0,0,0,Midfielder,3
161,Dwight McNeil,BUR,5.9,1,90,23,17,74,10,83,6,75,9,1,11.1,2,1,0,0,0,45,Midfielder,3
162,Jakub Moder,BHA,4.5,1,73,28,21,75,15,75,9,75,0,0,0.0,0,0,0,0,0,0,Midfielder,3
163,Mason Mount,CHE,7.5,1,90,26,22,85,11,85,9,90,2,0,0.0,1,0,0,0,0,90,Midfielder,3
164,João Moutinho,WOL,5.0,1,90,47,41,87,21,91,6,75,6,1,16.7,1,0,0,0,0,90,Midfielder,3
165,Murphy Jacob,NEW,5.0,1,90,23,12,52,8,67,4,67,5,0,0.0,1,1,1,0,1,90,Midfielder,3
166,Marvelous Nakamba,AVL,4.5,1,27,9,8,89,2,100,1,100,0,0,0.0,0,0,0,0,0,0,Midfielder,3
167,Onyinye Ndidi,LEI,5.0,1,90,61,50,82,18,75,3,60,0,0,0.0,0,0,0,0,0,0,Midfielder,3
168,Christian Norgaard,BRE,5.0,1,90,49,41,84,11,79,3,100,0,0,0.0,0,0,0,0,0,0,Midfielder,3
169,Martin Odegaard,ARS,5.5,1,71,18,14,78,5,63,3,75,0,0,0.0,0,0,0,0,0,0,Midfielder,3
170,(Kalvin) Phillips,LEE,5.0,1,90,46,39,85,20,87,5,100,3,1,33.3,1,0,0,0,0,90,Midfielder,3
171,Daniel Podence,WOL,5.5,1,20,4,3,75,1,50,0,0,1,0,0.0,0,0,0,0,0,0,Midfielder,3
172,Paul Pogba,MUN,7.7,1,90,77,66,86,25,86,8,100,2,0,0.0,1,0,0,0,0,90,Midfielder,3
173,Milot Rashica,NOR,5.4,1,90,26,20,77,16,84,8,80,13,2,15.4,1,0,0,0,0,90,Midfielder,3
174,Nathan Redmond,SOU,5.9,1,32,15,12,80,12,80,8,73,2,2,100.0,1,1,0,0,0,32,Midfielder,3
175,Declan Rice,WHU,5.0,1,90,58,53,91,32,94,10,83,0,0,0.0,2,0,0,0,0,45,Midfielder,3
176,(Taylor) Richards,BHA,4.5,1,17,17,14,82,8,73,5,63,0,0,0.0,1,0,0,0,0,17,Midfielder,3
177,(Tyler) Roberts,LEE,5.0,1,17,9,7,78,5,100,4,100,1,0,0.0,0,0,0,0,0,0,Midfielder,3
178,Frederico Fred,MUN,5.0,1,90,73,65,89,27,93,4,80,0,0,0.0,0,0,0,0,0,0,Midfielder,3
179,Moura Lucas,TOT,6.5,1,22,11,9,82,6,75,3,60,0,0,0.0,0,0,0,0,0,0,Midfielder,3
180,Oriol Romeu,SOU,4.5,1,88,79,69,87,50,94,23,92,0,0,0.0,1,0,0,0,0,88,Midfielder,3
181,Lukas Rupp,NOR,4.5,1,17,7,7,100,4,100,2,100,1,1,100.0,1,0,0,0,0,17,Midfielder,3
182,Bukayo Saka,ARS,6.3,1,45,7,5,71,4,67,3,60,0,0,0.0,0,0,0,0,0,0,Midfielder,3
183,Mohamed Salah,LIV,12.5,1,90,39,35,90,35,92,25,89,6,2,33.3,3,0,0,0,0,30,Midfielder,3
184,Jadon Sancho,MUN,9.3,1,72,37,32,86,27,93,14,88,0,0,0.0,0,0,0,0,0,0,Midfielder,3
185,Sarr Ismaila,WAT,6.0,1,90,21,17,81,11,79,7,88,3,1,33.3,2,0,0,0,0,45,Midfielder,3
186,Jeffrey Schlupp,CRY,5.5,1,2,3,3,100,3,100,2,100,0,0,0.0,0,0,0,0,0,0,Midfielder,3
187,Jamie Shackleton,LEE,4.5,1,25,14,14,100,10,100,4,100,1,0,0.0,0,0,0,1,1,0,Midfielder,3
188,Moussa Sissoko,WAT,4.5,1,71,15,13,87,5,71,3,75,1,0,0.0,2,0,0,0,0,36,Midfielder,3
189,Oliver Skipp,TOT,4.5,1,90,73,68,93,45,96,12,92,0,0,0.0,0,0,0,0,0,0,Midfielder,3
190,Emile Smith-Rowe,ARS,5.4,1,90,15,11,73,4,80,1,50,0,0,0.0,0,0,0,0,0,0,Midfielder,3
191,Luiz Douglas,AVL,4.5,1,90,38,31,82,12,80,3,75,0,0,0.0,1,0,0,0,0,90,Midfielder,3
192,Heung-Min Son,TOT,10.1,1,88,37,29,78,29,83,22,85,10,2,20.0,2,0,0,0,0,44,Midfielder,3
193,Tomas Soucek,WHU,6.0,1,90,31,28,90,11,79,1,50,0,0,0.0,0,0,0,0,0,0,Midfielder,3
194,(Raheem) Sterling,MCI,10.9,1,32,22,18,82,17,81,15,83,0,0,0.0,1,0,0,0,0,32,Midfielder,3
195,Fabio Fabinho,LIV,5.4,1,90,71,62,87,37,90,12,80,0,0,0.0,0,0,0,0,0,0,Midfielder,3
196,Gomes André,EVE,4.9,1,9,14,12,86,8,80,7,78,0,0,0.0,0,0,0,0,0,0,Midfielder,3
197,Jota Diogo,LIV,7.6,1,47,19,14,74,13,76,7,70,1,1,100.0,0,0,0,0,0,0,Midfielder,3
198,Youri Tielemans,LEI,6.5,1,90,67,52,78,26,72,5,50,0,0,0.0,1,0,0,0,0,90,Midfielder,3
199,Ferran Torres,MCI,7.1,1,90,26,22,85,18,86,16,89,2,0,0.0,1,0,1,0,1,90,Midfielder,3
200,Andros Townsend,EVE,5.5,1,90,23,20,87,12,80,8,73,3,0,0.0,1,0,0,0,0,90,Midfielder,3
201,Adama Traoré,WOL,6.0,1,87,26,22,85,18,86,9,75,5,1,20.0,4,1,0,0,0,22,Midfielder,3
202,Leandro Trossard,BHA,6.4,1,90,30,24,80,20,83,15,83,1,0,0.0,1,0,0,0,0,90,Midfielder,3
203,Silva Bernardo,MCI,7.0,1,58,26,23,88,15,88,10,100,2,0,0.0,0,0,0,1,1,0,Midfielder,3
204,James Ward-Prowse,SOU,6.5,1,90,66,63,95,36,95,13,93,5,1,20.0,3,0,0,0,0,30,Midfielder,3
205,Ashley Westwood,BUR,5.4,1,90,38,28,74,11,69,3,50,6,1,16.7,2,0,0,0,0,45,Midfielder,3
206,Joseph Willock,NEW,6.0,1,84,21,15,71,10,91,5,100,0,0,0.0,0,0,0,0,0,0,Midfielder,3
207,Yoane Wissa,BRE,6.0,1,24,2,2,100,2,100,2,100,0,0,0.0,0,0,0,0,0,0,Midfielder,3
208,Granit Xhaka,ARS,5.0,1,35,10,8,80,2,100,1,100,0,0,0.0,0,0,0,0,0,0,Midfielder,3
209,Andriy Yarmolenko,WHU,5.4,1,3,2,2,100,1,100,1,100,0,0,0.0,0,0,0,0,0,0,Midfielder,3
210,Wilfried Zaha,CRY,6.9,1,90,37,34,92,20,91,13,93,2,1,50.0,1,0,0,0,0,90,Midfielder,3
211,Che Adams,SOU,7.0,1,71,14,9,64,9,69,7,70,0,0,0.0,1,0,0,0,0,71,Forward,3
212,Michail Antonio,WHU,7.9,1,90,26,15,58,13,59,13,72,4,1,25.0,4,1,1,0,1,23,Forward,3
213,Joelinton,NEW,5.9,1,21,8,6,75,3,60,3,60,0,0,0.0,1,0,0,0,0,21,Forward,3
214,(Adam) Armstrong,SOU,6.0,1,90,28,25,89,16,84,10,77,4,0,0.0,1,0,0,1,1,90,Forward,3
215,Pierre-Emerick Aubameyang,ARS,9.9,1,59,9,5,56,3,50,1,50,1,0,0.0,0,0,0,0,0,0,Forward,3
216,Ayew Jordan,CRY,6.0,1,90,23,21,91,7,78,2,67,1,0,0.0,0,0,0,0,0,0,Forward,3
217,Patrick Bamford,LEE,7.9,1,90,15,10,67,4,57,3,60,1,0,0.0,0,0,0,0,0,0,Forward,3
218,Roberto Firmino,LIV,8.9,1,43,17,16,94,9,100,5,100,1,0,0.0,0,0,0,0,0,0,Forward,3
219,(Ashley) Barnes,BUR,5.5,1,79,21,14,67,9,64,5,71,0,0,0.0,1,0,0,0,0,79,Forward,3
220,Christian Benteke,CRY,6.4,1,90,33,22,67,15,63,7,78,0,0,0.0,2,1,1,0,1,45,Forward,3
221,Armando Broja,SOU,5.0,1,19,5,5,100,3,100,2,100,0,0,0.0,0,0,0,0,0,0,Forward,3
222,Dominic Calvert-Lewin,EVE,8.2,1,69,14,8,57,5,71,4,80,0,0,0.0,1,0,0,0,0,69,Forward,3
223,Edinson Cavani,MUN,8.5,1,37,8,7,88,7,100,5,100,0,0,0.0,0,0,0,0,0,0,Forward,3
224,Richarlison,EVE,7.6,1,90,16,9,56,8,67,6,67,1,0,0.0,1,0,0,0,0,90,Forward,3
225,Gabriel Jesus,MCI,8.5,1,61,30,28,93,24,92,16,100,3,3,100.0,4,1,1,0,1,15,Forward,3
226,Emmanuel Dennis,WAT,5.2,1,90,19,15,79,13,81,7,78,0,0,0.0,0,0,0,0,0,0,Forward,3
227,Saman Ghoddos,BRE,5.4,1,66,20,14,70,9,69,2,67,1,0,0.0,2,1,0,0,0,33,Forward,3
228,Bryan Gil,TOT,5.9,1,2,0,0,0,0,0,0,0,0,0,0.0,0,0,0,0,0,0,Forward,3
229,Juan Cucho,WAT,5.0,1,25,7,3,43,3,60,2,67,1,0,0.0,0,0,0,0,0,0,Forward,3
230,Adam Idah,NOR,5.0,1,11,4,3,75,3,75,3,75,0,0,0.0,0,0,0,0,0,0,Forward,3
231,Kelechi Iheanacho,LEI,7.2,1,23,7,4,57,2,67,1,50,0,0,0.0,0,0,0,0,0,0,Forward,3
232,Danny Ings,AVL,8.1,1,90,14,8,57,7,58,4,57,0,0,0.0,1,0,1,0,1,90,Forward,3
233,Jiménez Raúl,WOL,7.4,1,90,38,27,71,19,83,10,83,0,0,0.0,3,0,0,0,0,30,Forward,3
234,Harry Kane,TOT,12.3,1,90,27,23,85,19,83,10,71,1,0,0.0,3,0,0,0,0,30,Forward,3
235,Joshua King,WAT,5.5,1,65,12,7,58,5,56,4,57,0,0,0.0,2,0,0,0,0,33,Forward,3
236,Alexandre Lacazette,ARS,8.4,1,31,5,3,60,1,33,1,100,0,0,0.0,0,0,0,0,0,0,Forward,3
237,Romelu Lukaku,CHE,11.5,1,90,23,14,61,10,59,4,57,1,0,0.0,2,0,0,0,0,45,Forward,3
238,Anthony Martial,MUN,7.8,1,18,11,8,73,7,70,6,67,0,0,0.0,0,0,0,0,0,0,Forward,3
239,Neal Maupay,BHA,6.5,1,90,25,21,84,12,80,11,79,0,0,0.0,3,0,0,0,0,30,Forward,3
240,Rodrigo,LEE,6.4,1,73,30,24,80,12,80,6,75,1,1,100.0,2,1,0,0,0,37,Forward,3
241,Teemu Pukki,NOR,5.9,1,73,10,7,70,4,57,4,67,2,0,0.0,1,0,0,0,0,73,Forward,3
242,Allan Saint-Maximin,NEW,6.5,1,90,28,24,86,16,89,10,83,3,2,66.7,2,0,0,0,0,45,Forward,3
243,Joshua Sargent,NOR,5.5,1,17,5,4,80,1,50,1,50,1,0,0.0,1,0,0,0,0,17,Forward,3
244,Silva Fabio,WOL,5.9,1,3,2,0,0,0,0,0,0,0,0,0.0,0,0,0,0,0,0,Forward,3
245,Ivan Toney,BRE,6.4,1,90,20,11,55,7,47,3,30,0,0,0.0,1,0,0,0,0,90,Forward,3
246,Jamie Vardy,LEI,10.5,1,90,7,5,71,3,60,2,67,0,0,0.0,1,0,1,0,1,90,Forward,3
247,Matej Vydra,BUR,5.4,1,11,2,2,100,1,100,1,100,0,0,0.0,0,0,0,0,0,0,Forward,3
248,Ollie Watkins,AVL,7.3,1,11,5,4,80,3,100,2,100,0,0,0.0,0,0,0,0,0,0,Forward,3
249,Danny Welbeck,BHA,6.0,1,31,3,2,67,2,67,2,67,0,0,0.0,0,0,0,0,0,0,Forward,3
250,Wilson C,NEW,7.5,1,69,13,6,46,6,46,5,71,0,0,0.0,0,0,0,0,0,0,Forward,3
251,Chris Wood,BUR,6.9,1,90,30,20,67,17,63,11,61,0,0,0.0,3,0,0,0,0,30,Forward,3
